-17.7916080007283 36.8539184022201 -17.8429586745715 -36.1812348496021 4.6041124638941 32.4861544511163 -216.207543648086 188.753921095489 -1.92725775976411 -1.28684668254714 1.52949760547941 -1.77566576460941 0.311329488230616 -1.97738529041388 1.79428036299006 -0.620320379952204 -1.35192978935554 -1.69502462657459 0.648703951156492 -0.252171034880957 -1.1741914311396 1.54974117073373 -0.623312647772224 0.0289214249059738 2.16451316878396 0.604406354144931 -0.720094047164792 0.172410487520183
48.4235020862673 -0.768186085501636 18.3454906879533 5.26915138446168 2.72739765818725 12.9929381454095 155.675558906556 20.6953355585273 2.15178834669358 -0.491098668553035 -1.63911662711806 0.876301992490799 -1.63191353820616 1.04463344573095 -1.8810006854672 -1.88919001569415 2.80692720944553 1.69630944306416 1.63680520804257 1.43241300433974 -0.701898601450139 -0.000456847279430239 -2.16878695172563 -0.308028240546911 -1.08080717554387 2.68887644857491 -0.606264110760691 2.16585990275723
13.4004606938029 16.0587150214531 6.43171626256512 8.86869195774228 17.5068155866406 55.5250745919895 157.53947803493 62.8932296736808 0.544516098007484 0.120174443265196 -0.145247137497315 0.36532515102595 0.362305977219773 1.44509564132209 0.183554606432144 -0.306206576917059 0.981101924356659 0.142242450818455 -0.179816066905132 -0.824694340318663 -0.309458640456029 -0.147177912273268 -0.119551460528997 -0.271337149689917 -0.368273511525153 0.940560072279226 0.171105094580693 0.31528338700082
-36.6382500840791 29.320142647553 -13.2917248712006 -21.9083220546052 13.1906976471529 49.732062419051 -129.190491114451 130.397493055797 -1.87868813425869 -1.45828687611756 1.24583364177999 -0.67374574302651 1.82369916102378 -1.09558693254472 0.946200523763428 -0.543409542716667 -0.663986125248038 0.34876865651089 -0.647020196871456 0.265590350447047 -1.12283951916202 1.05638672591191 0.337808666194077 0.0492947032228485 1.77946428795209 -2.54743368548158 -0.742265871516526 0.144539035321242
-0.953542750466978 23.8393025485901 -3.22237996375044 -9.72845735586922 1.6939590485575 28.5827141432692 44.941850029681 122.090884716163 -0.286590052626237 0.122124723414011 1.17057296895312 -1.30971253303051 0.0175272467595383 0.158790223203259 0.43705097744426 -1.24284922600265 0.274160843691276 -1.52892450619244 0.711792148173966 -0.471285227482145 -1.08370960887854 1.95872957141487 -1.0456175620248 -0.663549678910694 1.15091369295352 0.112574976320689 -0.952032439386142 1.21090795729648
8.05048401735709 12.3199690060855 -6.21041483474831 6.0315608804581 10.7075877327184 46.1663752459756 40.1490291779654 79.3703502054429 -0.194804877698265 -0.403182252292803 -0.169643729732853 0.628718987572521 0.249163852126853 0.491132571865809 0.487133765736464 0.24914776827119 -0.223801336172145 -0.221290669701762 -0.241201149172069 -0.600703923287432 -0.418826345149274 -0.426643775787857 0.00265853439090402 -0.791905420135794 0.272747403983747 0.799484543881163 0.222001551884048 -0.383844296203087
-4.19321987834641 8.84873123876478 -5.47171942603685 14.3297144693099 13.5503339253376 37.9061531330823 97.9813214129305 46.9251201048695 -0.572123966288401 0.585171042490012 0.046798932051515 0.733962441975316 0.630912700232965 0.710021763760335 0.141243066623119 0.613391499806666 -0.476256843502216 0.030717155813871 -0.745175878055712 -0.737090214782096 -0.112958970676126 -0.652884112758571 0.765185828030814 -0.551002666201631 -0.171616052787797 -0.801442226684854 0.369613697090345 -0.759761302524582
-18.6730226077167 26.6259126570136 1.70545567292988 5.15949860987328 11.8733409122058 40.5469474394911 130.387691163914 129.87833128915 -1.34590397058634 1.2712170277016 0.925409433605125 -0.679966109722089 0.0416315124408947 -0.306878949233815 1.23642648702006 0.346747164470645 -0.593688449367457 -0.789238245421782 -0.309167061797324 -0.123216893902184 0.0157825491458671 0.707810259801972 0.445532119713936 0.226840218407449 0.703928160636903 -0.307952002716527 0.0928466624458913 -0.315112523341098
36.8873833798617 -12.422708890271 19.9527250057406 -1.86897184412511 -14.5595434246425 -31.8741093003871 102.54031325249 -64.0532180567159 1.82926712731366 0.354726188947119 -0.90896334026864 -1.58499553899253 -0.334511187726408 1.2532916296643 -1.70173736200313 -0.288071256065785 0.422767494734731 -0.591413321433805 1.67718809385011 -0.541780679633676 0.8016719219153 0.0164232277797289 -1.11853266519447 0.454580460021998 -1.85371916879714 -0.11080607136989 0.275413801643191 0.599757169364653
5.61266733816495 13.226569064422 6.56873949225076 0.872410157928271 5.40706561836458 26.0277958626861 123.674755155386 88.6200827582738 -0.313754946258037 1.15006402788362 0.697076633177987 -1.16340720470073 -0.426941410993127 0.015110134888834 0.655712816838429 -0.293488196147965 0.232318852040699 -0.8163756972358 0.69865887411718 0.0597763447223721 -0.205743228241033 1.00614667050416 -0.591673725456619 -0.0874104876369157 0.103460001240311 0.151083492119247 0.239195315714339 0.537774810183106
-16.3362201570717 25.3243971171883 -13.9146876682127 3.55811998911291 -0.0780051474270267 13.5822805757694 3.9611910669299 148.876731954201 -1.3396420244371 0.728455332758734 0.88367348449341 0.972560938797146 -0.286040583980802 -1.98081262326227 0.525424241931476 0.174177223332221 -0.842984930128563 -0.632893280387474 -0.0708991570744809 1.15037631223754 -0.675135463777304 0.179134889264902 0.779986666770202 -0.425887970080924 1.27252771704457 -0.114743719174197 -0.919378465069849 -0.398869993201407
9.4593322389995 14.7916450789245 6.86028713931682 7.00381838649885 10.8707967965571 37.0852863310496 162.506278712997 91.3233614031388 -0.00287255077910956 0.375096830136951 -0.00935037504182933 0.614008018161725 -0.222219527200551 0.229496542460429 -0.236091405312611 -0.367884315173123 0.665583372051292 0.818252683142235 -0.441353936553807 0.270415613455948 0.0155553221656768 -0.0277604624155619 0.0133865696281819 0.34181780242115 0.076253304357079 0.78042175100176 0.43457409232516 0.24759856902526
-37.6454611526482 43.8337270677357 -37.072169440768 -19.5502592906648 4.6109073975118 34.0693539990679 -175.278560707914 240.738111422571 -2.65650431492152 -0.920534716371523 2.53914957652388 0.305767182278845 1.39581276060305 -2.17839018107771 1.59456855916706 -0.495655181782378 -1.20428862720064 -2.08762551330484 -0.373377609774387 -0.0180067276999569 -2.35697639015682 1.84617204598661 0.424938749072998 -2.45090098428552 3.04205951077417 -0.553590866746569 -1.63308715875961 -0.195072966208167
-6.65551465928075 27.0978659678449 -4.27089046177165 2.33828362553537 11.9897575372771 52.9946882489515 96.2401851535941 163.284460409653 -0.918748820356191 1.18385498820107 1.55796765043455 -0.192747057921244 -0.993799790361209 -0.0488923494067648 1.0379584252827 -1.42240004220446 0.952077304413057 -1.01892338508194 0.2949817283658 -0.104545845084828 -1.63222094067136 1.75635500719832 -1.28592842983062 -1.06859729456925 1.16127857980302 1.40115314124324 -1.25036433357273 1.39738915471166
-11.9256806651466 23.7956872782032 -12.5433052134117 -6.25196899760722 1.34474993693004 28.6199088094341 -0.509292987979019 98.4787698288982 -0.558992536583733 0.5075963076294 2.02531900315567 -0.671415614199022 1.78439597007046 0.367400833562787 -0.00719616971078466 -1.09394057420862 0.145844452578946 -1.0794037579669 -0.0334241634969724 -1.71895609896782 -1.23382072961154 1.27103045551796 0.0431972127468225 -0.455784975928113 0.644730763789819 -0.982692061157482 -1.62486458565882 0.479209216650241
24.7468209546241 -15.1090242436546 24.8463959081624 36.7518170693005 14.4139274543854 36.4443332779258 330.805110020972 -58.6177245032383 1.51347806492762 1.5059411555493 -1.31336009853708 0.859371317499357 -1.05953297695691 2.82879635272922 -1.0748564730381 0.191522530319385 1.83760243148523 0.706990041390173 0.548569827775516 -0.876280134312277 0.627081770780832 -0.883946305535061 -0.749968081038866 0.164954625637979 -2.1715254369101 0.00246745889607744 0.144153981141739 0.712880890904998
-0.161003460173664 12.0649057147927 -6.38844600808572 -1.17185310175805 3.47661636283599 14.8352230745474 -17.6835683706711 61.8242899572887 -0.0967604979298916 -0.752354165356306 -0.250570677864758 0.922620528436122 0.859230803359752 -0.20760790794511 -0.276581538049717 0.441063926154219 -0.800579161761523 -0.0354727727059856 -0.716781423725911 -1.014410730455 -0.0147052691068589 -0.595107540815087 0.956510124472765 -0.665773779196572 0.332114337278567 -0.641005910958749 0.0781715437495171 -1.05159841192975
8.43148241692358 8.61661892589722 18.787235528702 15.3986867285028 2.67538121904997 14.3661878546148 241.728610908631 43.6556917510007 0.619220352314597 1.91676000762447 -0.365161952662464 -0.510815371969908 -2.02134041819743 1.09254465574741 -1.16217030222177 -0.896531332467572 1.71287019443579 0.981297801976398 1.10996090501626 0.81209817441799 -0.305594848539785 0.42758679485423 -1.03529326786256 0.175467162515846 -0.629579091378712 0.237696271805858 -1.02759024127855 1.4399440873927
-28.1168876996281 24.6356277011521 -3.57803043535823 -9.09955434703453 14.6683385780755 37.9473102220324 -2.40073649067951 124.931950475762 -2.07003555275126 0.836008790809266 1.79389501737099 -1.65352826308205 1.11078608432936 -1.09164128046395 2.24226661466991 1.04284886665907 -2.01153242067009 -1.88251692884861 -1.24019618096245 -0.984881609803436 0.359697694608707 0.749526469652959 1.11935696264464 0.495597905766524 0.885217062139081 -1.26496218944423 0.880921895911894 -1.25214320649286
29.4299828588226 -0.479349244952418 22.2196190752159 10.136404546866 0.397443809671273 6.51551472421612 206.106078968668 0.811677050059596 1.58163757007692 -0.0489359267580264 -2.27041655308506 0.624190354219486 -1.50878777273819 1.17898982980966 -2.00806951192239 -0.623246231381985 1.76951112686245 2.38635363136735 0.861503743172925 0.91207636836329 0.635338515496119 -1.19650521421965 -0.323069361179021 0.814106324294207 -1.41388111504598 1.1449775118885 -0.0328322678854776 0.633604071910414
6.38034416678781 13.843774368666 -5.15136518059359 1.42632737012835 3.08325308628267 21.9147214618217 30.3250555346501 71.8524995252415 0.0292129087893736 0.289663528555232 0.415620313220295 NAN -0.367623434741913 -0.181196090391404 0.184685932040901 -0.932354324835676 0.750569252393725 -0.942064639389584 1.54965253907314 0.917960548048615 -1.13850767669442 0.541899003271651 -0.901537602876085 -0.328888161887264 0.0399539734003879 0.645761920784956 -1.82770354796919 1.17982908191804
1.65270656044813 0.00820534583648203 9.09164452214111 21.7605380045141 10.9370389263056 37.8101331404584 208.627076277327 -7.89935774858323 0.511251649444619 1.46311997521217 -0.0960506187441755 0.121496967547844 1.89387707584947 1.5002870053739 -0.235452855425816 1.23306294981105 -0.528700890758344 0.540644011127952 -1.94813495283054 -1.92552260086553 1.19442159777074 -1.1638390103194 1.41291803208219 0.779984958258669 -1.12687211854148 -1.21345308135968 1.63883273472293 -1.22786468652133
17.7077661600209 -6.23502940444994 15.9271624275231 8.0271002419048 0.729991314460082 -7.36121294575033 110.386680315788 -50.6374663757313 1.39084221893679 -0.155030945708557 -1.72045876587887 0.207508505681535 -0.574477087538162 0.590322464707226 -1.40539788626878 1.10481134737945 -0.399001456887194 1.32160531209891 -0.787139633045973 0.176284894159836 NAN -1.75260689009356 0.463163232222166 1.18940898585228 -1.57172192231804 -0.138907823835865 0.996425017047481 -0.802247988687105
0.44125673604807 12.4122929021916 -5.39064438720777 -23.6575606495461 6.85921265935131 19.5497763128409 -121.737340025699 79.7668162853652 -0.335774305761319 -2.32219153232685 -0.910052411068443 -0.423036988042096 0.36042728921345 -1.34305765615996 0.916822936639622 1.31817527575227 -1.6001380790685 0.581308065033646 -0.867367503468412 0.304415827243191 0.926802239130012 -1.17460439586809 1.38113574306606 0.786149791258912 -0.023652362365123 0.449576078357971 1.27765955131946 -1.62175598431789
12.8322316149403 15.446930042305 11.1006109840568 -3.37820888494322 4.4931473597122 21.8135837662691 117.633904622904 89.3063076571591 0.373482968960631 -0.113646285609061 -0.324077079384758 -0.440907338673727 -0.752846381439388 0.182205068448761 -0.18886289783624 -0.501743404719374 0.701225068791251 0.424539059766529 0.739686531181358 0.43242205808614 -0.125482056835636 0.558601852021253 -0.184995117677128 -0.211972977271929 0.0300404882241632 0.38509292381539 -0.764176026961849 0.707950019345231
28.3095957792211 -10.4094171551621 29.4787869774828 7.99584321339701 -0.277244779709892 -7.82252342245609 191.941905421824 -54.8481974298856 1.83850900953582 0.281004352714341 -1.55117880750685 -0.439768244232989 -2.08029099136754 1.03552438744578 -1.4723264725198 0.0323386415263251 1.02291292019373 0.45478739925897 1.61230078914621 0.719021375532492 1.12042930051897 -0.571277099312614 -1.08217981488663 1.54343606807867 -1.67407198084952 0.0212271537654995 -0.501250243460947 0.884961181459204
26.91899237397 -4.47778321129346 22.4441557772952 8.26174696360816 7.08244052210683 24.3759459051785 168.626686750634 -4.8470810946915 1.39695190114021 -0.28484277815755 -1.03757444311586 0.530616526616691 -0.902932491775735 1.03862742419652 -0.931004333494263 -0.718658388210954 1.60273052849376 1.38068711579546 0.0757903692223426 1.43464239249533 0.150520872754437 -0.619579959978613 -0.998918290389763 0.293445150436873 -1.24824404206699 1.10120479373814 0.178579231510395 0.845876811684171
21.9522194809726 -1.861320805803 21.7174011721764 -11.1886558647885 -2.51730877301643 -16.6236300307268 36.8641752428818 -10.2232712798326 1.35657594115767 -1.19551443074856 -1.38962552974021 -1.19768726820291 -0.373760436543539 -0.0878380865080526 -0.597508685330128 0.808141622060097 -0.582810836919596 -0.265346325949973 0.565293738189307 0.0659074868606134 1.48315177949387 -0.390356556004295 0.21965217273884 1.10319456370634 -1.06654963465141 -0.35366856603359 0.832695047825826 -0.101937166477485
23.9207736518213 22.3582558368495 -0.443359364316538 17.8603380977965 0.374838318362712 20.7230212544003 203.342794774271 117.181543954649 0.324508631118645 2.07105947319158 1.02531160004949 0.779670858890628 -1.66310605674843 0.804527417209343 -1.09843916804874 -3.05584678580792 2.92014098206729 -0.576437449950961 2.17920365902332 1.57078734419905 -2.50972550317372 1.50656072515132 -2.78578081341595 -1.7654659620899 0.415565607416569 2.95272598595911 -2.24364744318035 2.71029942593089
21.7230117874851 4.89740562795133 20.7102387083763 8.84420284584686 4.90626750188968 12.4309432534995 226.856663141729 31.0657577334302 1.23242939385002 0.635947138721594 -0.446947317668286 -0.0943024933129182 -1.52500012644508 1.06867088471053 -0.947898740358452 -1.15385269111093 1.86369010770484 0.328432091934544 1.00403447566656 0.290409819287972 0.0778796460043299 0.628917269482357 -0.971426357301232 -0.304636680538666 -1.04028587629553 0.858914550163534 -0.125597753944564 1.3869480431427
12.0195216851027 11.9196643354628 0.230891960390773 21.3288864977297 -1.10593311118704 15.0147878557562 181.236529619807 67.217005607828 0.0415295692148075 2.82484025879988 1.38879893527158 0.0435479801525079 0.103268754082576 0.974241478070317 -0.234207447075171 -1.21356952412578 0.639927666852128 -2.22656647120571 0.897347069566231 -0.983808791893509 -1.25651125729907 1.30681430187597 -1.41867463961997 -1.33134325360915 -0.0818601559829832 1.00741063261804 -1.07450324222864 1.00530299307977
4.28757221023031 6.72051498806583 -0.58021883101111 13.7901104621905 20.3762457388619 51.8371711020691 99.7359259759472 41.6800917945826 0.103878363678656 0.00765391829981217 -1.05075681452348 1.36001193573032 -0.682691453104061 0.598581083647728 -0.168651574921788 -0.0884576581882831 0.695808156099877 1.43059936150196 -0.251835255068857 0.656060048751568 -0.31665701544631 -1.22820853668787 -0.218553178250775 0.516569322855876 -0.256302960015362 0.850934354848949 0.166598967536246 -0.0768497690890906
-4.76462376531807 17.4837269343726 -4.02119054120539 -4.89727125823596 7.44467259483105 29.4491267085616 5.14102301728546 78.2259779905077 -0.347686666095945 -1.17556605187222 -0.214983042973145 1.08973862478685 1.40384311338891 -0.563937451003074 0.0398350481500616 0.842767214271923 -1.0508951281267 0.756623190479883 -1.46342634074013 -0.407510801969729 0.54436033696295 -0.862267527948836 1.38193806788978 0.364314152939429 0.284364268820176 -0.508926239257887 0.832641981107118 -1.28035786146065
12.058528952816 -5.35001290879551 11.6418208460991 6.40967160687222 11.0554355798812 27.3101922486326 96.9487685202089 -20.0240154498297 0.552936490743012 -0.443618869529182 -1.01540635027413 -0.0879583661667493 1.00275188574212 1.12278901851474 0.143405717757579 2.27798243028276 -1.48491483137038 0.130846984722254 -1.06289672443104 -1.4069814666458 1.75429721393896 -1.95334054513793 2.05694030767004 1.14386956600539 -1.48772167337157 -1.01466979327794 1.30838502262232 -2.03885238041982
-13.4936221488357 32.2248267705207 1.04166497287277 10.5056316014471 11.308204836395 46.4727367027367 220.869250676642 158.054555040969 -1.03244921419268 2.21173402453186 1.57652546417529 -0.728180375497464 -0.599846702526448 0.644947266252002 0.70206997072899 -1.22212693696725 0.79375200467417 -1.07686192935008 0.413368900423575 0.0802149809457655 -1.31647513871267 2.03147762578536 -0.793170965960491 -1.00961592359944 1.08202135612723 0.256498603593742 -1.23435488593139 1.1674430489441
11.2393804301624 12.8163043874487 12.2484829904391 7.74665874013048 1.74447943847814 14.5425048137462 174.745520779577 84.6361597182465 0.574208538830523 0.820006215593406 0.283094586975669 -0.217015513815367 -0.908365669019516 0.839308694151798 -1.13990706932196 -1.60674044511334 1.71014326320395 0.164122760108025 1.20518360305214 0.548063512033022 -0.994651015078472 1.12960176300867 -1.06579785825719 -0.770288881218559 0.304659566691454 0.293066451469733 -1.59250284957439 1.41889585135059
30.0151902575428 -18.1570489861261 18.687367084152 10.1909024935963 7.29594930470307 18.3070081874449 142.938852763645 -74.871426073008 1.68438793255655 -0.425429004119522 -1.71916926462631 0.650255144907442 0.00728082643444741 1.92319382879392 -1.76661888187094 0.0458695337567168 0.977214667044777 2.18648990349527 -0.755246590038702 -1.01940060195825 1.33694178649781 -2.28373981345201 0.575908407897253 1.82689374238096 -2.42087767262525 0.259179578212962 1.12261833666064 -0.40933841092078
-27.8065754172892 31.461778957005 -10.2604322306617 -4.16288286530833 13.0085978420522 35.8522632915706 -1.74380231349957 140.797845412948 -1.35784637197411 0.379587545641399 1.55020499583671 0.0943340448866756 0.361430407972627 -1.24450219686347 1.68480955123333 0.801183528649683 -1.01639456461185 -1.24022599412638 -0.977589116918874 -0.810986293641137 -0.466111568966104 0.802035789030649 1.0428158352771 -1.21898606860034 0.974111881227063 -0.80405566286944 -1.04818744975912 -0.60257798748001
42.7631421972709 -7.85921252371944 20.7212068143493 11.5887518019151 -2.96088940858461 -6.75695663489974 163.2377918436 -23.7513347882469 2.40309859139436 -1.34004335645153 -2.17455746202377 1.95014529796402 -1.80964429807187 1.27485255549214 -2.48703236396109 -0.816050700469189 1.86090267743756 1.27433740822836 0.504549146621525 1.59872931894229 0.0396316248066036 -1.09426288441081 -1.05325745191171 -0.221238200946731 -1.5103674034038 2.15598879577067 -0.12530775180729 1.14079951080442
-4.0270734086486 42.2071557133331 -21.3012289445296 -13.1791704573802 -18.1219743989636 -14.4182460336834 -45.7464582924665 212.495113045086 -0.928089934001566 0.127136904916018 2.75254187926668 0.447719461108293 -0.331180238207688 -1.08431630442126 -1.21070736959456 -2.96801428687854 1.41293198675182 -2.34032999431917 2.07525111353771 0.438667398217231 -3.28790034888521 2.95852756344462 -1.79601356133219 -2.99980865152659 2.42733966675481 1.05662430498714 -3.29404053845527 2.81087144288753
-6.32281310946145 15.9074792717278 -7.39598832908871 -11.3454124725657 -1.54817440400248 3.59608192068621 -73.6755605096439 92.562892823214 -0.738879520933054 -1.34981771338508 -0.672050266109351 0.787286689161145 0.104699214551243 -1.48271803457157 0.0167345413456245 0.46905238409463 -1.0777768639845 -0.169980665271247 0.362676374036973 1.17456953815497 -0.207602532186914 -0.312942186132701 0.578668679275214 -0.268204337689161 0.53839021233904 -0.189135082044023 -0.426154003714699 -0.455517695463692
19.8499783091783 -2.06295062386319 1.15627815461604 -5.43367531686628 -1.49883043187475 5.48516402604715 -31.4956109777027 -12.5008344656658 0.604792336224185 -0.935540008394184 -0.459768570920699 -0.0832885062803888 NAN -0.53142383573295 0.136289116088229 1.4250919202761 -1.06435806260811 -0.513060517473497 -0.353830021677388 -0.303120320015281 0.979808202644191 -0.91270557139009 0.502212655121723 0.279941374000986 -0.88186978588412 -0.928474216451395 1.35226968074367 -0.579321033344481
3.43470485054736 -12.4695070679863 26.5223785104893 7.10410006695054 10.9062835108824 37.0049029733454 200.607617914404 -39.5113000596019 1.04089426244667 0.320734295128308 -0.439897034578064 -1.53813363565239 1.20472040728117 1.85705554102474 0.0253642803142377 1.27285743803533 0.149982450103822 0.706776112347398 -0.895310382254988 -2.40431190496379 1.86394242072021 -0.409665112288655 0.875377417408458 1.22930892694333 -1.59647740889121 -2.35459596811799 1.34194669038539 -0.388119339107302
-27.7883369910471 26.3348601535944 1.76074736699144 -13.7102064510059 17.7125158738503 44.2950094154115 15.4645672910578 136.15781163946 -1.77204594563874 0.513345077625377 0.81337436363404 -2.34546214855285 -0.833257739453749 -1.6123556541345 2.38118196940554 1.03741540433599 -1.44111184677104 -0.350505376508389 -0.618517669733362 0.467672213600844 0.65182391215558 0.926075552786729 0.633902989420782 1.34568182336581 0.961292994913446 -1.07287218153664 0.791546924349157 -0.683924792487237
2.3320160397755 19.4756418822066 1.47897896749762 13.4415822912437 -3.60472257858917 -4.33773148865876 158.828552414077 93.0016407439477 -0.459994035673941 1.84274239757162 1.29727584260515 0.934375444803539 -0.805840647319606 -0.858972137777209 -0.249613622274482 -0.48775655670858 0.247539072030962 -1.51839055409134 0.85743198821838 0.867503572968986 -0.570483774856957 1.04490633600415 -0.75770597777508 -0.988139499745349 0.59790811286572 -0.0868399021793605 -0.962942669673706 0.691235322262889
4.89496301257403 4.36092379951296 14.8156037586286 -10.8913352694358 7.90996827799842 12.7826558552846 45.9988181555098 36.4090300441343 0.434098378161045 -1.39523004772928 -1.1102777236918 -0.430307194480791 -0.142524431275295 -0.592850890312565 -0.0099935342844837 0.930128260754241 -0.804675643104173 0.691099211627815 -0.582570074692419 NAN 1.33954182117384 -0.555533871571879 0.453674133166038 1.29733313039084 -0.199036221145604 -0.429154641398778 1.28253934055619 -0.668385672536675
-26.6539233471703 15.6041279448436 -3.75394226683151 0.25478018055204 3.05210586883875 12.8012637762814 31.8145321802305 82.0429890309874 -1.24349667838716 1.01820695071381 0.478222952740421 -0.553860486445023 -0.28798888573137 -1.27378477490657 0.691748546932702 0.4889401592488 -0.940530783720605 -0.37450401263317 -0.315738948326415 1.13753887805009 -0.0668732225180673 0.283231519036869 0.184786300075978 0.109379150854256 0.607249506901007 -1.33930255574334 -0.0746153674096351 -0.227456038286201
-24.1008403551227 25.5211309166992 -9.58834679517625 -11.2106179574191 17.3244682066482 68.0637383500253 -17.8581458596806 130.941398993899 -1.58738818985633 0.0938985647903994 1.48096520770026 -1.19934721384272 1.11715663649213 -0.134890183125466 1.72410799094875 -0.054458710209387 -0.198067874925584 NAN -0.868402183327413 -1.48349895779164 -0.635962620504754 0.726511502482385 0.343646510047377 0.173636128508204 0.826349516952186 -0.650580857787329 0.311236363288276 0.115055876484276
11.1758570562777 28.6080205723185 -0.18838265076057 -2.70537751472754 2.15360830257179 17.7272979249861 84.0896467234574 140.547123900773 -0.558143727862669 0.0742114250125607 0.496086626451955 0.443157204384481 -0.823387273211396 -1.21523533877539 0.444624622009178 -0.720817370499088 -0.0152437972379166 -1.05498834137526 0.449710948068177 2.11546939178026 NAN 1.05516594573526 -1.25102943562539 -0.793461544819268 1.2007628059238 1.82777292898593 0.13355155738566 0.671542444065114
2.6638304885077 17.0641888933234 -16.7229926715794 -1.20100369103802 -2.49825636421198 0.174856811752769 -58.8085638167472 88.0349538453054 -0.0518693423915343 -0.948349722139317 -0.331822213516342 1.70386564643608 -0.128915201008117 -0.562585518177476 -1.26787814293364 -0.979477515459284 0.384810437909645 0.296046670045711 0.393826585736873 0.928932449812563 -1.63170454924104 -0.124256607092848 -0.211865160920328 -1.57143855668872 0.739531029104538 0.469460667721377 -1.62964232734434 0.372438870727304
15.9416547827733 -2.79570851842307 20.7921989591433 20.5606909984725 13.1835972992856 43.5811422777745 279.836242617757 -4.54902486145816 0.803397210400142 0.848368238702534 -1.08835145912302 -0.118314065123518 0.925887290998259 2.2891244205606 -0.533635528831224 0.739495054273013 -0.0479112238795493 0.366102857266215 -0.828075159961152 -1.0036800718664 1.14405266611414 -0.760552885673631 0.172843123033056 0.970430882325015 -0.774982322154546 -0.309811325919172 1.53269865419032 -0.62872576366659
-3.51969914619155 14.358369487875 11.6424366620965 -5.45684661054488 6.221970237694 17.0715433854911 101.200302009091 61.1908144244207 0.306710839171968 -0.0762135720848796 -0.011742675122138 -0.832655342457346 -0.138227948985199 -0.0308268524771756 -0.0710657451885533 0.571067545075172 -0.276159574048993 0.336774831332514 -0.684645122354695 -0.517423833435484 0.848235730980644 0.165947179537631 0.867303441851481 0.88988095426518 -0.178643125380822 -0.943705922595543 0.0116255440931807 -0.208535251248734
NAN 11.9950940084265 -1.09323447434152 2.19903053848678 3.21235449650248 17.2691862617647 44.2063520758045 72.9338078166255 -0.267703861671348 0.273513628622323 0.664616420100891 0.0754913210056728 0.51306950377126 -0.128230674337478 0.182072215800776 0.0388137355234872 -0.433319041907063 -0.49185019758193 -0.337506766184439 -0.975410070306112 0.189721123720345 -0.193879434856935 0.516742618784735 -0.134790630360901 -0.138495055890515 0.35633345578061 0.330548602268062 -0.580890404977399
-6.85240523427552 41.3328531058412 -10.8181878578206 -2.36775861190531 5.25308371976954 29.6909594913383 91.6480483893006 200.354120597566 -1.17386623602696 1.76601226123145 2.38154745455551 -0.753912215284211 -0.0460344162120357 -0.730680709333942 0.965685864253361 -1.4720983308404 0.485185821731776 -2.20263965023487 0.893813950753818 0.0524822106658493 -1.78824623357884 2.3328177395032 -1.04861821688267 -1.60558870208175 1.88573255944389 1.14222107785254 -1.534400907021 1.2711043996349
41.809196875832 -11.8527711072853 27.643297516534 -2.62201174813383 -3.25983717312543 -13.8863706833841 140.462344827312 -36.494267152596 1.94156762028044 -0.523681379775609 -1.9278948066092 -0.688597318386862 -1.26499328992614 0.43172067516196 -1.35440005647997 -0.0613270824865022 0.598425476947692 0.773458452194123 1.08657086963988 1.40247929945643 1.36320826930908 -0.750031526999608 -1.23864536203922 0.975143358284753 -1.32103227276128 1.06703472422295 1.29905244682013 0.49714050706259
30.5979769748357 -27.2623764752383 37.1928020844727 18.9376805058658 6.11614642149903 4.25109674178831 234.417032099794 -132.631883590601 2.55127047040692 -0.198778176289827 -2.53618316480694 0.688639443948647 0.415088956766811 1.81710759969644 -1.7069081210092 1.56655303692256 0.132995485361532 2.13209665039164 -1.17054171972034 -1.04162520289564 2.82064697565322 -2.46562792002068 0.987418810733387 1.75536898136918 -2.99174856312238 -1.03104288619429 1.8320202451719 -1.08671914689654
9.99887665437819 -10.270115022142 12.2348055178766 7.18673711515277 5.8833030762414 10.5735404319767 95.0027778965973 -43.5705132336135 0.826729404742084 -0.25871697049451 -1.31248825049378 0.274257370036768 -0.285722818632649 0.762478350406496 -0.851878528295431 1.14788428262641 -0.140047538516175 1.19688757885534 -0.0507892536302764 -0.477681536138362 1.27057129179825 -1.59620925238642 0.661195281283014 1.37295243558667 -1.63268222413048 -1.0548746838768 0.172641025644705 -0.674379854622396
-0.0110767063310138 15.340204070275 9.33179144844342 0.616348360084616 15.7343797992361 46.6853434816285 140.065385421816 68.0161535974787 -0.1787821293348 0.241507709367892 -0.121231176314182 -0.688626887321894 0.330753469503677 0.293176174596076 1.10790702522022 0.598051246727713 -0.203316702818371 -0.383835456777238 -0.33292000832619 -0.201283775563842 0.590633290767024 0.237595077572497 0.213494714248363 0.446870068675837 -0.0848988913414496 -0.259774545259969 0.643194372710131 -0.227689268724397
11.2154770305649 0.953813804233992 -1.40949216934736 12.8594699099292 4.16297053153037 7.71635806810561 71.2876634861908 15.2770608395252 0.347180559776288 -0.358862409753359 -0.929785650250995 2.01457876322211 0.190214198167917 -0.00218237672983773 -0.898329457517561 0.868158087392904 -0.397350513401624 0.723302725303315 -0.647260985483906 -0.111513823215302 0.480695165052228 -1.4806750398068 0.988460789162186 -0.478935295446862 -0.838589543606948 -0.0736206001368865 0.448217857025615 -1.05603752557032
20.0866708704546 15.8996857077248 19.496511067707 -7.14233928683942 4.47193144676107 18.3205828319243 154.427938655888 81.788710056426 0.653734890200021 0.0290455354493063 0.183213972879843 -1.66063650949061 -0.77084079898451 1.2884790444187 -0.655028740033336 -1.66259117708308 1.65770562296369 -0.302086130337912 1.66767448706769 -0.287130828429063 -0.422837030549194 1.42897415058856 -1.40350055618237 0.037078561221438 -0.0168425678298402 0.730171713685178 -0.619494662582988 1.77474105958422
-17.7547819491543 24.3485361321856 -18.8037856582544 -16.8293314797419 -0.24328571430253 4.67469330909466 -117.854054022202 136.5129798941 -1.10892525433428 -0.795507699209198 0.889863143040857 0.0317162382047498 0.484214491870228 -1.59477836956569 0.0184044379648568 -0.183913875596956 -1.00535566369173 -0.546813475280029 -0.392688871897829 -0.355261553864968 -0.742730274911486 0.528559101209596 0.224972586197708 -0.560969551860963 1.66811279518463 -0.406555602784973 -0.456327582844135 -0.169113058164248
20.7795070218366 4.70946694414128 4.2814945607451 -11.8641518639733 -18.9760617014378 -39.2275735042784 -43.6393685423905 39.7627188148322 0.948049505129592 -1.35765771050585 -0.502497643262741 0.173837635768726 -0.340446232015091 -1.15382264244722 -1.33581654418794 0.160451805143582 -0.363266659843089 -0.312104724669518 0.40420094702604 0.575658229379797 0.54296743728607 -0.444905307001381 0.255975751067554 -0.205654609674734 -0.422232337623853 0.412262343555747 -0.127274300904093 -0.130952939298333
-7.56992643234907 10.658438820667 3.43042062406399 -3.12736119287901 9.25862912280372 27.0776230089092 31.8486530647372 69.270193446689 -0.410664666410726 -0.119353956898803 -0.136306163986348 -0.111950291683702 -0.482039553757146 -0.405002569376508 0.233092473344246 0.151800832654632 0.116305660244856 0.624044546743245 0.139386936000299 0.461863766908974 -0.118782715334129 -0.0755169216944018 0.0352027371726995 0.17274410684189 0.0177267024559777 -0.439841409661419 -0.537584818316248 0.123798776044542
-14.8746040600029 10.8231794673589 -5.41539047386727 5.0256158583184 13.7546600083114 41.4493097294399 30.2114388147332 61.007672818337 -0.659734882850742 -0.909774492677295 0.135743531349133 0.946569361305887 2.05204737598332 0.245434720079518 0.524550533075312 1.49980631604947 -1.07010766730619 -0.211401232288064 -1.00516107518828 -1.88172104276061 0.328598702978442 -0.358543405815268 2.00460114452686 -0.518359584140488 -0.127248811232511 -2.24129370723355 0.263442591391599 -1.18658190249412
-3.01836506188159 26.1493545280019 -7.7182335760451 -16.5860251108304 -15.3051342364762 -25.0245043943325 -86.7649705884072 90.8330954000448 -0.270482851724376 -0.112915039345461 1.74087372711377 -1.24454814860692 0.649948396483968 -1.16823065601647 -0.540991082289425 -0.7459373726033 -0.688090017246366 -2.09621448630192 0.930875079111935 0.0859355472327893 -0.975092494287833 1.5420876287854 -0.663690936980574 -0.626297924887982 1.18471541306427 -1.05679684617182 -1.03833366524986 0.805292697148842
26.1757650214333 1.11185278302961 12.4352333559333 16.5961729843504 -7.8075537587034 -4.96809376939515 198.312881923849 33.3115209049991 1.31692944789133 1.05086345508603 -0.331798115753527 1.00557183631719 -1.68995633562335 0.623191830906145 -1.95183525513089 -1.80983184828932 2.46078060440852 0.951136988728529 1.53362422185054 1.71004464041762 -0.919312753754883 0.209766784318736 -1.62559927769194 -0.583216357968737 -0.654037784629631 1.23201592469482 -1.68773006092326 1.83586249415739
-16.4640876743832 33.7408231534138 -13.7349443616406 -12.1195621542963 -1.01004787868585 10.6541925535456 -29.1527004310216 157.036842645305 -1.39400441805122 0.779948246040018 1.59820602931686 -1.19311819893454 0.463174101728545 -1.25797919340702 0.619375964958218 -0.500117795986021 -1.04057333600791 -1.32539402647578 0.145613185291342 0.123347450895463 -0.969903615994542 1.26656511357341 0.0943726989901457 -0.634084445114789 1.54062408750658 -0.00631734773019343 -0.944993131336207 -0.167445195067376
16.481752869591 -7.92795834973181 29.2146409052344 25.1069272042322 8.97143117855106 27.0680706372321 320.990465279805 -14.7500541943427 1.43812786710358 1.71454994761487 -1.46568598338153 0.119978894155057 -1.79878716871369 1.57383093243981 -0.67412284074883 0.349262625478366 1.47223838663635 1.41846766364284 0.182676544490782 0.165027318761165 0.962743624323441 -0.642812147610884 -0.228175896662022 0.430421720179424 -1.68732997630441 0.20904584042112 0.141355572940315 0.433384873919931
26.8727332207629 2.68205576603496 1.71010299875515 3.13123392508188 2.50522264053709 11.1319087687436 55.1206277055096 22.9840625697253 1.10523785868484 -0.790985476649591 -1.06268262467596 0.629106493371979 -0.437441525989024 0.478709223075259 -0.561862753117017 NAN 0.101216917071488 -0.189986602996297 0.613614864739023 0.429482564806988 -0.0908697436266841 -0.55310285018752 -0.229060084748322 -0.86349734511792 -0.573228132230506 1.05492660007103 -0.0348356515058529 -0.0884037556397749
2.42829600963721 16.485106529304 5.56778472160782 10.9538089261394 -2.14918023195491 3.32407683749359 126.728875719389 73.0703667999046 0.137752382760518 0.316910507816804 -0.264433171209496 2.25767629709292 -1.22626081197676 NAN -1.11076095339398 -0.947755955014426 1.41804708012224 1.71471322279133 -0.241043703447237 2.54575009945247 -0.482136374730784 -0.528039134541442 -0.0148436984163639 -0.763355101315961 -0.190420450672832 0.644028799437764 -0.45312116481416 0.492136188245806
1.25174724548231 17.3847469199433 -2.09083564242055 16.7648168490672 17.2972798068695 53.362198578586 164.570229278054 85.8378020389847 -0.436920397974582 1.20027488066749 0.169358690229188 0.183330946199697 0.302554233789032 1.0461403196635 0.79575485848413 0.159410307369356 -0.19025348176278 -0.825372808861863 -0.145357473261136 -1.08005759924062 -0.120379503559602 -0.13834403279688 0.391363677518492 -0.0581931459122363 0.0245524363507199 0.545217903221685 -0.0110473337647872 -0.684577839952625
-40.6866813162969 28.8325846946439 -20.0631122995006 -0.228778272127262 11.9474108308407 51.069718302462 -15.1564919063663 145.819008101816 -2.16201866464028 0.926913728220013 1.83072651633323 -0.432422505815759 1.79571606436339 -0.761740565816658 1.54951583102178 0.536915155834165 -1.44273608088842 -1.17381950174046 -0.894649690378755 -1.23308132694455 -0.884303109186159 0.903055388147657 1.34816888197261 -0.400645404047696 1.47338749695643 -2.12837813418082 -0.666503178169861 -0.702691358026039
13.1877038788287 -12.9798106777166 16.4011312173367 7.75483176170914 6.57418070554794 8.50103941917133 115.728630099106 -50.7243694163187 1.2003114355436 -0.51928230849173 -1.85980457300337 0.462460896629675 -0.292039403118384 0.644480927413393 -0.746079595232468 1.36980228836523 -0.427578364278265 1.31958896076526 -0.787252130605475 0.227213982672116 1.67647509869576 -1.94492346776627 0.965558143702445 1.42140594440289 -1.91777397385808 -0.363893337817729 0.83792713440109 -1.20367632553678
-23.69993789335 28.0116406893387 -20.8816605300273 -13.896585323942 -7.57404103133805 -9.82869916844131 -132.847484447642 151.67018003428 -1.20069153464987 -0.646738851715109 1.90872854558328 0.853006460809828 1.19926897306883 -2.38647920330052 0.0151585100250329 -0.400673010071347 -1.08822621463843 -1.29255611394867 -0.18593786839862 0.535956933650724 -1.32057767686003 1.08316735595543 0.666350328679285 -1.62668865941511 1.71398147701613 -1.18650550961175 -1.4253534731734 -0.206010475318983
12.4374249643698 8.29409385464145 8.45211376392618 5.59881100128001 9.03237407018578 35.4052168098753 156.015106339245 51.0914933580379 0.378659699452207 0.515913811709595 0.174551535932996 -0.115426540092806 -0.235774023517317 0.66601856361998 0.336159868751573 -0.231387032575742 0.74798367849027 -0.619329138738249 1.15474179743257 0.300192322545956 -0.131153551151818 0.366576167042371 -0.923929566903589 -0.122156491734618 -0.304174995949677 0.550798474153635 -0.417665928696672 0.692014148662236
24.1709887905694 12.2817597110911 9.01812060106495 3.01036067745786 -1.45036211209172 9.85124646101611 135.88582472133 64.1739598757022 1.16467947893479 0.42200404224392 0.160755055271907 -0.237901039177028 -0.757222777682936 0.835719469972033 -0.809819892563509 -1.3377444594386 1.49332665411321 -0.61326692354012 1.08560529811583 0.0461444895917389 -0.920285203355104 1.25472321959487 -1.35591115521775 -1.12703734616125 -0.37753106993033 1.15683455217293 -1.09019906907372 1.63899459339086
4.17197858635706 NAN 3.45405275434376 -7.66679597558651 1.58366867935707 21.5527151853689 59.7314202756376 NAN -0.321761746175761 -0.0250984351374615 0.525001103063455 -0.741683708662684 0.296026171760637 -0.267652905451834 0.379189853253316 -0.279107815770498 -0.209352928053234 -0.527802430691327 0.48283352900011 0.0309479058014444 0.0661254886385588 0.535199189337532 0.0741446700860871 0.0758883635638389 0.441355017259379 -0.357291050450845 0.177427343695257 0.0384737399680695
18.2791326683471 22.0895551710111 9.88369634288105 7.14861091733199 0.837701887399891 13.962920056904 211.598157364957 126.00084644809 0.414732183950838 1.33948637402176 0.868749604050545 -0.803930111442651 -1.11514238941757 0.573200669431809 -0.307663479128692 -1.20540177401304 1.19533210837521 -1.10715758485446 1.07557963010893 0.184949192617679 -0.645032042966353 1.39571064464893 -1.10325058434133 -1.04808359224561 0.587602567288214 1.62417987271743 -0.799740720581544 1.3891139136291
-8.15678030357689 20.2927857891517 -9.53016977626217 NAN 7.00154963617253 29.3560663017616 20.8726049292178 107.124717580613 -0.774523447752949 -0.45230447888533 0.410460134770725 0.885358241447264 0.982498432289948 -1.02321167805792 0.58519744386814 0.692454552855271 -1.02821385897341 -0.535954811759835 -1.0072824480475 0.346265871370194 -0.12048915074218 0.0647451235203194 0.840233037328878 -0.428165904712063 1.01600913552394 -0.764684890542519 0.634678254694254 -0.721736330179089
11.7938667403463 3.91985048741988 -6.60592198100444 -12.9036757908543 2.9492934632995 3.77839749775037 -129.943084787598 38.6367786714179 0.375475217730411 -2.54103203408344 -1.0436103063945 1.2181064041913 0.38028350550519 NAN -0.6106909379311 0.576559698213931 -0.510389848049081 0.807934941714345 -0.125444304202689 -0.407918580445784 0.346095915464603 -1.42704770323426 0.998801172040702 0.103830041422109 -0.322956537943081 -0.00226195008842403 -0.229442714930455 -0.820456466779809
31.273453202865 -25.2716733427326 42.8158653152942 26.3103579749447 20.9892893998028 46.7599422126264 371.975160448833 -127.067431878685 1.92418967824473 1.74126550944175 -2.20267817279398 -1.22168447224906 -1.21638830213835 2.92220756538999 -0.368831145755166 1.08207992902924 0.889228482982231 1.6975888682786 -0.0771110331739067 -0.562318966445854 2.60858939778534 -1.59780981847247 -0.84151089020562 3.01243605359314 -3.06494502422807 -0.120912410589099 2.43324892953707 -0.0657370183799437
18.6361616930786 21.4226950753631 -5.28399011930856 -17.4864127531924 -7.03420667267058 -8.64618641115636 -56.3888120940343 114.927927594992 0.48316759802373 -1.70362095591704 0.127895161871282 0.753977584464964 -0.446340299457472 -0.888298072913225 -1.03264615553466 -1.32086515624348 0.984095843817896 -0.195479894601193 1.00828664288602 0.721671317040967 -1.15565518193435 0.548875559875625 -0.623989798883922 -1.54621227098868 0.435260213399724 1.83193023443186 -1.14081865601298 1.24399639400673
20.4850350087431 19.2788722209705 -4.46010375357705 -5.46915405644713 -1.82456880128716 17.0825446036823 5.72706587196432 102.13044302834 0.855757225082604 -0.90751221714232 0.218754583771307 0.0236034060187453 0.199427711726453 0.315382366478654 -0.387532225871149 -0.794070225527501 0.525887893713057 -0.73406856086483 0.665427990600111 -1.01098978699271 -0.723068614553932 0.337096542164198 0.0967348036693517 -0.775270380817247 0.109862410546538 1.59728127539556 -1.37719079191405 0.488419787828865
15.2276462481643 9.02825097407627 6.11937868931732 -1.95132225679592 -6.44477684442507 -0.175277076505806 48.4913952048853 51.0411099145214 0.770423743805027 -0.368598914521195 0.135121099551483 0.432896802759543 -0.576858942424583 -0.0904059623516444 -0.965759230444532 -1.01343784809793 1.03388507160022 -0.130088777752133 1.35010964133304 0.565151681346255 -0.68123136429411 0.592522939731752 -0.824998620508692 -0.365921880935039 -0.146048339838092 0.106787178626425 -1.45890748512435 1.03682115137351
14.8265105477774 20.6645494653327 -1.17611620283852 -11.8458362423393 4.02881803948058 24.8968439737822 -15.9586842807423 113.2099952205 0.0366633580891695 -1.61047045726026 -0.0255370910096404 0.799720674028387 -0.702576581270102 -0.508719820486291 -0.334206202301516 -1.15131890482917 0.974949429818148 -0.0334780878013925 1.42799883698874 0.678268104147082 -1.08992252636188 0.801269453159157 -1.09241482600246 -0.647700141416706 0.801670338386013 1.02489174411957 -1.02479807819218 1.18929217351403
-13.6136557572791 16.2835918244112 -7.7733479482379 -12.0305847503344 3.02511195815636 21.9743901536631 -78.9074650947037 88.9489688999864 -0.823593252557572 -0.791554781234795 0.331885861197807 0.392885906208847 1.05248392654922 -1.52500895616545 0.330905740690389 0.281656016882397 -0.991473007952729 0.678119936096647 -0.79739371875627 0.269811273673771 0.0819941242031502 -0.544311175674684 1.24374974705197 0.435254643057722 0.518313970289895 -0.941639138931007 -0.0759666186254582 -0.879721796711567
-14.6586258948037 19.278632194205 -10.3444827289771 -14.0161990598041 9.80360636637661 32.5018604876003 -78.3289512515395 86.8620352476382 -0.976010180005478 -0.458467920881721 0.659802360556461 -1.03988039673809 1.19985756634167 -0.928557639610998 1.02619267605727 0.988797480857726 -1.51900332003173 0.198600733869715 -1.13777106367168 -1.30475605018499 0.513760264994604 -0.351376296744513 0.980822810120071 0.978884183642558 0.548719046997402 -0.913057088203721 1.0242638614517 -1.32372606468865
-1.26614130009006 5.27964932260574 -13.2863051277838 -18.2743369492701 12.4964522089748 27.5616251390667 -163.946762394321 56.2166068715291 -0.324196783314403 -2.88049834147506 -0.81133510932465 1.38586673259127 0.462115575425433 -1.30686458918698 0.478364397113493 1.18883354397094 -1.33769185792504 1.14413421188495 -1.39512873172605 -0.370765084174217 0.523225447543501 -1.50072917580169 1.44165496939626 0.346036929382137 -0.217001097453325 0.0556843180751715 0.725174599785895 -1.52310295279564
-4.96614730884833 14.7133744696741 1.0767674493648 3.36124942388682 0.444011278027441 13.2037088064829 61.0925666950334 87.3617532324658 -0.450113652371305 0.392085632068655 0.256697968464509 0.878147864404708 0.113410993998873 -0.595011082322985 -1.06598479347815 -1.1285999096001 0.473440853098842 1.23796728774267 0.0632582787974715 1.49288203264277 -0.763795341410309 0.0350945007511183 -0.179594631719892 0.102013079520543 0.822398013406879 -0.79862681982384 -0.356373200216033 0.331402032183798
14.802937782456 7.01616240493867 8.50461898858474 0.597984418404742 1.08795401875087 15.2764548250156 67.8188780194041 31.5115659525592 1.02670999443819 -0.617519799447829 -0.431247453588544 0.415314177414675 0.0806462314959108 0.465175879944416 -0.958652951688777 -0.79910935397624 0.811812849266632 0.431852251542278 0.175043443491442 0.46931455771687 -0.36070230592045 -0.00898416322734474 -0.745908382986064 -0.277410884529133 -0.24471699650554 0.539712947136078 -0.321446389954259 0.821707356624016
2.8462140706391 11.0356877459277 -10.3342066845614 -5.51346729426177 4.55330714228946 12.612516386066 -44.7296717940808 63.206942610915 NAN 0.626365321125561 0.263825709215333 -1.22870225899162 -0.00795992304096993 -0.685293247240289 0.910876869632324 0.959563010186958 -1.26475702012249 -0.477100064899933 -0.291995784207905 -1.20106413081929 0.542212435539766 -0.723219659627142 0.789280246338508 0.334695029830532 -0.669879686478059 0.855775695500436 0.408508636033698 -1.14698158832503
-18.1832279000328 33.3912854733735 -6.3122714238504 0.835915371020391 12.51107513508 43.483433554828 88.5668376040459 182.528191026268 -1.69006084815301 1.41779356996353 1.64525570924666 -0.427629159252378 -0.851539840856703 -1.03579187122877 1.50062101342987 -0.512609608619911 -0.332070515902567 -1.62964799504519 0.599909147696662 0.530863349875666 -1.04729650578171 1.77845560965867 -0.810061542095025 -0.541675948807171 1.84237014901287 0.440714026433705 -0.982312908293428 0.612461859903984
12.8417325219205 12.1927040523695 0.641169843719652 5.32282950215919 4.29976078260196 10.3367242638102 47.3310388518222 54.9771503634467 0.270639750818714 -0.83935181710049 -0.931842106837473 1.8634237680193 0.0713239974301953 -0.618400368847742 -0.308761979738759 1.09786085732304 -0.5327827989645 0.236411503077066 -0.418399782801016 -0.0986111691218312 0.498431139638911 -1.00206165467066 0.840750436928035 -0.667628376601657 -0.41585310958579 0.649161065387445 0.710478202263836 -0.795437508699291
11.6097149125804 19.0265058411812 -0.824810143118548 14.1334551006136 1.02609331936337 18.7043015031602 152.974758036436 113.263929606451 0.236829828898897 1.07341652861233 0.962470044387719 0.727679735108177 -1.21230826945714 0.891397800850075 -0.570090403617541 -1.29306083756152 1.50631142934672 -1.27665575654624 1.25912631706231 -0.436825519165235 -1.58151958898428 1.11215227535856 -1.11202321377869 -1.96921874120599 0.412604804975941 1.5206165749582 -1.80401892680356 1.24437069899582
3.90650723830928 25.28577196385 -9.91697970928578 -21.4346234104347 -6.85762847028958 -4.10799343100139 -71.6805185750518 127.076228063904 -0.0637619408255263 -0.355441814920296 1.64194597293431 -1.29740202450462 -0.134542208954697 -0.815129031444097 -0.12158403555227 -1.35445370933064 0.0821255712477192 -1.54697689653262 0.883500830874112 0.027420222743764 -1.21239168779978 1.34942449622589 -1.08413790976627 -0.712117646298361 1.14302081964478 1.19594089697034 -0.747080088571196 0.897653559995066
17.7449327983253 5.61451480255315 13.397316555117 8.47291535245697 6.70811637810535 28.5262401942699 206.433472379129 48.0320007412039 0.772075922136945 1.00204483867947 -0.139723329685124 -1.02066306016571 -0.983604237957479 1.27872472605435 -0.169332636535864 -0.608996846321358 0.813697103671358 -0.130767428501116 0.553506392376103 -0.0856419103333108 0.114889997913416 0.550733628599631 -0.656864462680866 0.37813120279656 -0.624862893183263 0.786463057116997 -0.176945290557088 0.611273679989657
12.4119501546303 30.9710326644666 0.525570245551092 -14.6046507947505 -3.50189809893181 17.2449548233474 50.6223845600228 162.68569800884 0.170381007647801 0.190762308124927 1.40916933048961 -1.00953603473728 -1.66934891764647 -0.408244653605431 0.153440072878104 -2.40391913997704 1.3361890750201 -1.50969223573482 1.66445991068087 0.829434714827564 -1.80636054824591 2.5378954526967 -2.27827193806705 -1.21325551782026 1.25816934999703 2.47183415920547 -1.89515125119818 2.20229780995072
-2.87162043449133 20.1285403869941 -3.5801730490749 -14.7454626346366 3.13755772676371 10.4894084293372 -71.137412474752 82.3463457555335 -0.294781215306913 -1.07798095244352 0.310901304481312 -0.553715482015505 0.41066656923815 -1.03660464006362 0.427954764688 0.705879870744857 -1.38170527608463 -0.446792575082867 -0.614198493407764 0.0796599366416037 0.240859947771866 NAN 0.983140305215581 0.320451008244577 0.396615256050143 -0.402935014800739 0.398336569332309 -0.814485873937847
-0.417231835127586 9.22949923580328 11.1260021104495 12.6070343705467 3.2720574007508 15.7830224018415 203.440154449994 46.1844969774031 0.0205236778187876 1.98285760767666 0.810769224364342 -0.859634465118081 0.291998285503631 0.656951459291481 -0.0932074885560047 0.044615340325906 0.288386805680819 -0.523352936954401 -0.141321821527028 -0.931468918029893 0.275151540460549 0.808869157586465 -0.240348676436456 -0.492670762436643 -0.322468521931323 -0.94866164141923 0.0889531704458016 0.39195363056835
19.7487543705906 0.0757436528711927 12.9377700738912 29.833080508845 8.76367938301904 23.828303737771 283.871493582073 5.9132400183295 1.15804535467284 1.73288702303087 -0.616415594761239 0.673427659737889 -0.104993731650956 2.18251229180535 -1.31945336881178 -0.513017063767665 1.34133043182742 0.362831651706793 0.293464933660544 -0.0472348408858801 -0.254242245639096 -0.274796257731986 -0.766456356700374 -0.61543343893077 -0.937274631839601 0.478710284671176 -0.281918621191725 0.568308075929802
-2.77590994730004 13.4550987074751 1.60644520902098 -9.0119337824326 1.48155603874679 7.6480043952056 -6.29440141041001 80.9870808701133 -0.446052470059021 -0.209204125743329 0.149786080758175 -0.456881437866861 -0.303466239628303 -0.7079268531526 0.157013990517814 -0.0973380257548406 NAN -0.558989769163846 -0.0639496505902167 0.564395643185088 -0.123734512869622 0.0689678128410591 -0.140257146048573 0.407219027854857 0.18403707159711 0.647460763433343 0.0345611448669874 -0.231093652703803
40.1014662844377 -11.1913277179363 19.2336759272766 26.0162047938072 -0.175055727419664 9.331364301374 236.801979778126 -50.3436540291777 1.98842927354939 0.760540232269117 -1.70805626702438 1.27095353243234 -1.08502325927618 2.0570775049585 -2.24904693270093 -0.747843730490197 2.09229744011144 1.60850128474489 1.32163005602518 0.0322563825839491 0.173858729548083 -1.10304315024067 -0.989381935314356 0.173209719194897 -2.05042056986563 0.875100732356662 -0.487318318853764 1.04383505577636
24.0994435685805 -2.26740445097683 12.6725982533246 10.3991367582611 -5.48175236874186 -17.1239225276681 113.795689265988 12.4987802138931 0.64697597974825 0.428722322757297 -0.561517787563442 1.04697964527691 -1.44189644145544 -0.38941606266294 -1.31223082271013 -0.2316395074763 0.514555505153796 0.22911158274959 0.924006826077202 1.65266249831721 0.211753750167549 -0.534599238614069 -0.908653559372777 -0.183782807567694 -0.613107306298744 0.595087487874696 0.00925689292168788 0.280428272344244
-6.49221195452376 7.44595606971997 -5.76013714623251 -25.8983220053454 6.79307471363855 12.0940135336312 -172.963187994008 52.7852670583709 -0.565052821291681 -2.94665065819402 -0.995999247127827 0.335249441561825 0.819887980387431 -2.42239020441681 0.766867310003792 1.74666283436142 -2.01497051374643 1.13920339154552 -1.5712283952616 1.43870849791084 1.21609186531911 -1.43404341014913 1.78428573707245 1.09617708146363 -0.0388828131292882 -1.02220644216736 1.5198324880615 -1.51268953818662
15.5096320547852 6.9158451734085 7.80527572231069 15.5263685989644 12.6569207960329 36.8564842759799 198.93018758933 45.8684797065042 0.433679130998119 1.4927229654027 -0.129584332592246 -0.54375948629578 -0.295086464929833 1.15622024101765 0.148997009666696 -0.0403500479415685 0.7605338026537 0.151459722899131 0.444704995195749 -0.979287235794715 0.360882476077923 -0.235139667768136 -0.067306159288557 0.323784368064278 -0.760464653088784 0.552297498829188 0.0254081857530236 0.150113173039787
15.1282664070029 -10.7992274793138 32.3150319417221 -6.06360654503524 14.8481273634634 30.2922284357828 119.899239339113 -61.0935094549349 1.0475026759376 -1.23417168467742 -2.87627948987337 -1.33067453739153 0.155602762938789 0.871157388618423 -0.341581185259965 1.30666799212198 -0.443637346054949 2.79952317104136 -1.12785002165102 0.0462747194868734 2.70799074207806 -1.80651019812088 0.865184413952361 3.05444448094132 -1.73426534252782 -1.39604330633101 3.08941553528078 -1.1580556789999
7.34221202529867 -0.10326242075491 8.79045479237997 -26.237727894048 -12.9814541891744 -29.484746859538 -107.188756338267 15.327738079574 0.533007409839553 -1.66365171516798 -0.455530794624907 -1.32431117429788 -0.365504122901852 -1.66853620070439 -0.52964670851149 0.344635399686864 -0.879817041507152 0.280132046647658 0.310017817535134 1.1587996927762 0.919598909819741 -0.0314611075860744 -0.230745322597978 0.800386681849178 -0.078040498040805 -1.16093058189633 0.588664910574553 0.0568906946001373
26.4290852338254 6.84411205651897 10.7120741703802 8.7118409857626 -0.107591486421363 8.58238455404748 143.66242114249 55.6696393589674 0.929453996342825 0.0868961078524717 -0.681987583113979 0.464253578409648 -0.626533266859023 0.514809970667366 -0.899539634678141 -0.10559627545969 0.404478595306032 -0.12119322718702 0.266037954373508 0.598035170047471 0.0188543005503219 -0.230013199429982 -0.322019445052589 -0.0358398726996711 -0.449245376693927 1.47736497414004 -0.0631801127226594 0.395622769985063
-3.79235947232705 11.941264971038 5.00249920979292 10.5047460930486 19.0586082310772 49.1805819290877 155.185179075298 71.0269869405053 -0.307507981891697 0.53859416542773 0.33831824993561 -0.152142922605102 0.437971888451271 1.164461883554 0.296661286922966 0.511841668290003 0.034922489768535 0.26408091121035 -0.866053527831418 -1.31089779192002 0.348937661244993 -0.325968773197856 1.00820345945996 0.718013030879175 -0.515006414116408 -0.263747606326367 0.117819975661621 -0.5361380889481
15.7467544274351 21.1634627408768 -9.55518008242695 8.23406483241569 2.10791736914413 28.7834900818235 98.2435906266939 111.616612649331 0.584461250130889 0.274485568741212 0.831595152565033 1.37496730496802 0.0573804625223721 0.503084709269284 -0.562710135655022 -1.24220443886046 1.16886563518704 -0.84991795725105 0.506238458230025 -0.389357579681882 -1.46432764411699 0.567742188409383 -0.431875681531616 -1.40239936329058 0.368562369068545 1.65362705792426 -1.64037648877107 1.09082722272607
17.523571138066 1.3144866724621 12.7002189169259 16.2078422083649 14.3113916414771 52.7890914252802 204.55811441425 16.4512830784371 0.79908243835055 0.520796622477859 -0.364336601593181 0.175610217073769 0.441369940326637 2.35265953036939 -0.848881786791885 -0.798642056258095 1.57241931202628 1.17658067880567 -0.415815146331499 -0.719024096016555 -0.300708479612396 -0.264803323978227 -0.738818293436188 0.413416271560247 -0.841578054154762 0.359446247450467 0.512786910536828 0.736856441893685
5.19022085092 13.7153109331037 8.08905637774828 13.6588336003487 9.21138466766413 33.9091061719142 201.902433089506 63.3122467107448 0.111670511840283 0.758648771067707 0.174239655733844 0.823627187942626 -0.413586755813328 0.518120562592984 -0.0481523761952865 -0.189871627515504 0.28442174024343 -0.269799501349803 -0.0328754594954729 0.610179794489721 -0.0642796430559033 0.339113419260619 -0.425040681524266 -0.559493113730436 0.17510467406237 0.0494274990621455 -0.0549808258379924 0.310935864920906
20.1491203489931 3.84153956439191 10.7096201348697 6.75896437575132 14.0116088727147 40.281191530213 143.227228043135 30.6801345348294 0.508158836097229 0.125844067214969 -1.3380068573514 0.206403267085945 -0.5983077890504 0.992015638580927 -0.140823519875472 -0.170068135529626 0.642106364163878 0.834037551006969 0.13552684281164 -0.0903155957499766 0.300304150668246 -0.600767744665218 -0.417276519418945 0.105052114815252 -0.696875878148762 0.926437227895191 0.605970746874188 0.21259374993395
9.18996462691565 2.86251209474908 9.84088019897526 -14.224494035429 -2.64180860364718 7.2136927425268 7.02769963164519 24.1210308403545 0.175132654289809 -0.0431725993462116 0.0979859064446893 -1.96753289378102 -0.377920863625637 -0.862922960576635 0.778360319780113 0.648801095177811 -0.672971013260728 -0.680339363175222 0.662175723160931 0.181410202608963 0.960134816474561 0.46659879240026 -0.597259905453166 1.19431416153692 -0.310014202690175 -0.8273549254112 0.564658919506231 0.321799036749752
-14.1041576268507 2.33554769253404 -1.99612327210462 -7.00562549978699 13.965319480711 23.0652788212126 -34.7863116987879 5.66841632305379 -0.665456960325068 -0.992002019339754 -1.28973759331222 -0.13147252576233 0.846463038011073 -0.648434897281196 0.458472444182619 2.22979936805302 -2.06171923300018 1.35035464266326 -1.86551327843968 -0.541667341104312 1.87292646777887 -2.1836864949169 1.9660101575009 1.88950179311244 -0.495779989804779 -1.78065306277042 2.18344704936722 -2.46535854205103
17.5157312255067 12.6161291954027 -0.653561718920893 6.58661458515257 -5.74021185233321 -2.22929629445499 89.0060026212375 46.5171346417453 0.697012421546713 1.02860645760993 0.584384909507828 -0.415988555925003 -0.170462525288934 0.569040214962539 -0.699800558372511 -0.757347079142733 0.229075516761856 -1.65110421847845 1.34701588544747 -0.539336619720943 -0.65424450194441 0.771138355001899 -0.984379175536297 -0.884671600398072 0.0233165544770304 0.325555148441637 -1.21220559055986 0.652691025488245
-5.4787553760961 23.4660196648794 3.49821538893113 -1.27128378615825 12.1950146055793 32.6796768866094 113.922506300583 123.866183728363 -0.874999045582987 0.246109082333467 0.0494905479074802 -0.25644736718305 -0.294874223793502 -0.608447266882008 0.853897493644397 0.505850993332074 -0.93917390367401 -0.593309084447365 -0.476186473567772 0.49135445983292 0.426911546805647 0.351299547098963 0.459340739275988 0.592714916337825 0.810610782027946 0.378891061440864 0.66091954422774 -0.630997712478826
-2.15183382668323 5.28186271944068 31.3273635856886 3.83112907858003 9.69030411526487 31.8267656864321 NAN 38.7922373161527 0.413245731117707 1.261831353355 -0.690447340157339 -1.6907356119576 -1.88497492493852 0.150967719942071 0.563158834526633 1.02379572393629 0.00779776824048228 1.39649042920086 -0.799391174861081 0.80576231859525 1.85539914429168 0.0839701879219837 0.178684988331975 1.99637407105432 -0.690150590764736 -0.671991225620593 1.34386160828407 -0.0913784921400082
-12.6157624115506 23.1684533565097 -14.4852006956185 -8.30200006640006 13.1141855303969 25.9620096612737 -82.4006157192704 133.363743374041 -1.20669489164593 -1.57661484761401 -0.236317377042189 1.41420106160359 0.0368812506651079 -2.21442615534859 0.973044612555403 1.44828380297446 NAN 0.635204099467255 -1.70950742697219 1.34935919294411 0.151302069095078 -1.03782620041446 1.49183571013646 -0.458657920710978 1.18753738505436 NAN 1.2065612088233 -1.65825954686734
0.185252544153119 -1.31131949976537 -3.67822586503297 -4.67933583653916 3.12311761265035 3.76427326143364 -79.7815701826371 -14.6195595213396 0.387315737713573 -1.69625745749073 -0.895880803404055 1.24714362184611 1.19439350822313 -0.820368536879537 -0.203814075364479 1.39313195383525 -1.11868959924654 0.86507442408153 -1.48062881857526 -0.402503720674561 1.13230636519025 -1.9820562945089 1.85207259092072 0.447684984053052 -1.17472699722751 -1.03495235226905 0.774362297194637 -1.98136106827482
-10.8827859903854 12.6855077835599 -5.50877598925626 -2.54875007322932 3.85423421952179 17.1270720897939 -18.1053888244319 69.7909086564525 -0.399704942275941 -0.475433142203367 0.471810035071774 0.928311521575957 0.859648254443029 -1.01378646090988 0.203465864110755 1.23486039636711 -1.21284396990203 0.191009471964827 -1.56304204344975 -0.317259591950081 0.329458420652405 -0.753028986012063 1.34877549031247 -0.344006141208671 0.397844188631318 -1.14189719288452 0.618380896262007 -1.14521031120103
15.8631583772627 -8.04809233408092 19.5609697971577 10.7274931172082 6.59349869242708 19.7033960524572 156.360674422657 -21.7505177965193 1.23481809399887 -0.979609261063916 -1.43974710077259 1.35403549276875 0.239453982567233 1.00263175770435 -1.51686087231297 0.463912780487294 0.640209167244667 2.20284243415938 -1.29093285070399 0.0968654387384737 1.16022725683831 -1.64385731390428 0.711655974875187 0.673173331508315 -1.11582352052119 -0.687454223499643 1.2783145804459 -0.570211804747887
-17.8695315271185 5.07603487639766 14.0560768128054 -2.37489495222851 19.049692478453 45.1905947039931 85.2746117993593 20.9513853852166 -0.663529403549681 0.321854211135872 -0.12285625753932 -1.33890865219409 0.135751645144058 -0.307681244825132 1.58429597129777 2.03912793383301 -1.63480766721958 0.307791185199457 -0.918785767965953 -0.350010494495637 1.81319517095743 -0.659500154385135 1.24614247019845 2.10714827049089 -0.476827041564823 -2.39192314921315 1.20377477245307 -1.42812099691895
-5.89082953869589 9.54400743981168 7.75648689471536 -14.9892915933086 1.92932136694912 12.5651675727533 19.432696817638 62.0034239132927 -0.157722708539827 -0.608712689759182 0.104032684617577 -1.24605444710511 0.105821834209578 -0.347050175468776 0.244317151942762 0.333005310540349 -0.775079149637769 -0.286325047399705 -0.290307876648006 -0.289975084867437 0.739270916629602 0.129000440998251 0.177969992026903 0.806552346488632 0.419557803127193 -0.852945492912971 0.870857857693605 -0.427003174476858
16.4743796447234 -2.55567561851266 22.2391688832975 -19.8537704127779 -1.14558232288054 -0.234881849429337 20.0044137990113 -0.799715551808589 0.994321442261195 -1.12303172599463 -0.540048802013801 -1.93916408838177 -0.946477988373565 -0.0130018416095438 -0.281414850892575 -0.163330829568746 0.230194590498267 0.305858165158296 0.697551900484218 0.401893790863222 1.04889990626844 0.0959473003479374 -0.527695599879376 1.61019416695605 -1.06651175792326 -0.181379949104228 0.542379972530007 0.60895312295671
36.8840038160387 -3.18076554651542 21.8025489883184 -16.9618283409528 -6.5540894093702 -0.899568097966023 81.4147429000918 9.1396984034587 1.8938895877933 -1.07755024841696 -0.356650124394297 -2.39095048688845 -0.719961064785939 1.28324229963881 -1.0041906263428 -1.09195436116886 1.03697451275032 -0.444184342700991 1.58973185832881 0.123846372232001 0.352384611228168 0.894480855927705 -1.58329072998887 1.01739371799671 -0.816318275706369 0.689929357727755 0.232850167194088 1.56716157978462
-1.50852217269104 11.5595700156041 13.5706911211545 -4.8978466636821 8.84214787223779 24.7816780982422 88.8105385419666 75.172411902233 -0.565016734825263 0.189607790524204 -0.355016754436213 -0.97779652649923 -0.719525394152653 -0.577768376685124 0.477111084550857 0.217726161657874 -0.281453004692922 0.512285579042308 0.322395127763293 1.17811081077258 0.630561532726712 0.115250429675332 -0.0473930295386452 1.20550496743124 0.133373976341898 -0.502226706506387 NAN -0.22341955336228
NAN -0.238761979110599 2.96324197987446 NAN 5.62148332502114 10.4555903120964 -35.6927946941242 4.25404324164844 -0.324648170883921 -1.37667484009005 -1.27313911823767 -0.426324574609892 0.864594420702557 -0.718298642369937 5.38381278478439e-05 1.76063152479752 -1.74305649589116 1.28460412230484 -1.63770452189892 0.5116422145485 1.65493028800034 -1.81644349098465 1.45111303180872 1.62310343795205 -0.587386422256681 -1.31574426862397 2.29234904135223 -1.95033985625393
-1.90143827890976 12.5914293384293 -1.28221527930683 -6.48621326539216 10.40728902642 31.1656288859048 6.02137347213449 54.2491455338938 -0.23751038869889 -0.44434884657718 0.378102055787862 -0.304593655011117 1.02016028768361 -0.426909857215743 0.388668561254192 0.0783615184605159 -0.190187042643209 0.256847088195674 -0.416013583765608 0.126027593965888 0.0398134962666054 -0.074075917454733 0.239328032250781 0.554582321392384 0.162716196817799 -0.944605780142324 0.237808397625666 -0.149048422505839
1.13666242417383 15.9687654358888 2.57271392297418 18.6080185222836 1.23716797896954 19.3883932374936 160.415205134384 69.49195466607 -0.0254120535870675 0.839806327417427 0.0529920970025465 1.38422577444347 0.40852516202105 0.224313500786768 -0.859458546826617 -0.4861564166673 0.492955518084526 0.23335887020577 -0.214778019455297 0.652684080510149 -0.504183665041463 0.127770808326515 -0.353633075406795 -0.780189958204864 0.271131313379126 0.00368011187879255 -0.238500711915965 0.179649637390246
-18.3256466444805 13.6318108513349 -16.6237760572929 -2.49004419947716 27.5833636673092 78.7222883239119 -79.2117560668393 61.4919226271239 -1.10742137875652 -1.65477975735011 -0.563228377030266 1.846256211938 1.86612414459134 -0.684935399453008 1.22504396444769 1.03045178533706 -0.985323932954242 2.07508501574755 -2.40121718945701 -0.339459490976508 0.144420795939709 -1.82746104090161 1.54825153032391 0.652049011681993 0.36402288442586 -1.04676390334573 1.00327294806983 -1.96673967009928
-14.3254839162525 25.8728638323296 -1.28284585828008 1.76919650046211 17.8232401531169 64.554462669287 89.0359734730828 156.424195982827 -1.10278910789416 0.673899123373573 0.823810458238609 0.304835858208118 -0.164555594877562 -0.578650075203032 1.38222669353195 -0.496210364724383 0.358823131666756 0.0945050436660579 -0.501190294016368 0.0605379543186636 -0.825363672968697 0.825728029250666 0.0261249125602446 -0.407677103204701 0.975491911153446 0.608829768242379 -0.718300759736997 0.322302260033015
10.7470185734548 2.08401796744822 15.742868023317 -13.5187943540693 0.847797227865539 -1.49028725005899 18.6519160608309 -2.20804417737963 0.736933295047223 -1.56087357992491 -1.22394321551248 -0.770500090168666 0.698447392115394 -0.289307456314859 -0.357318460177154 1.25319432975919 -1.4182397700911 0.696087995973695 -0.85253282861534 -0.165295362956579 2.02061637126596 -1.12985591655871 1.31633180233411 1.70796650434624 -0.899003469427743 -1.00348472432619 1.81176258525003 -1.37572530110756
41.308195102101 6.01660265916863 17.3452392716403 -8.51591861693106 -1.31777169165446 6.17399794488501 98.5982991447161 50.8107624736619 1.7953253221317 -0.57999997415062 -0.692498480166976 -0.262277877556127 -2.09199058401919 0.379000880605715 -1.38787440230197 -2.43261807064754 2.69755877424334 1.0372508056616 1.88244484491508 1.51303083075524 -0.708880081346107 0.666876790613272 -2.02087944218048 0.463522171241712 -0.729800241421378 2.44636279080143 -1.34860391879494 2.50807010058769
-8.97336568525966 4.86468804685064 -8.42177048990378 -30.0299302758215 -3.23007796197936 -12.9283007685843 -218.868654642246 18.6052301407026 -0.58355648854349 -1.58079696779323 0.100041489899597 -1.64417420642503 1.204388149154 -1.63906977132079 0.434323168096659 1.20403856693272 -2.37838872896537 -0.57829398451065 -0.351202957064498 -1.19058030451246 1.02959696776082 -0.536162802527847 1.10790043127079 1.36590513735883 -0.0871424734739397 -2.11112863424807 0.816547867236012 -1.26774135557691
5.90355209601996 0.101020726161912 17.2806393830237 23.9945977247475 14.032255108657 47.5238265475513 290.680248839577 11.9288693074949 0.414546600517744 2.41261201194056 0.36021075274797 -0.532950552838094 -0.309019419874793 2.0233587501788 0.101919866806274 -0.145717322755272 0.965171465606041 -0.173382318274639 -0.0162571847655786 -1.02637312247743 0.200199523021919 0.20712598871379 -0.51046259761915 0.327006202667769 -0.931105487593177 -0.499395620686119 0.0786459498415697 NAN
12.5088422215768 7.5438175171222 10.7387353571702 0.577052461892214 14.1033184121455 42.8578200630566 110.840527406579 43.6523381720304 0.403775630244713 -0.278320541898352 0.272383395871972 -0.463200742876439 0.911525934026858 0.780961920231318 0.440101022129882 0.528476492570171 0.0758309720712659 -0.0339171101283233 -0.581640693012288 -0.683871360706771 0.480957089501332 -0.193657594389308 0.438495483397642 0.467015346745909 -0.525920555572655 -0.197977511337926 0.833707398097878 -0.252062542614992
-9.54104879353782 25.213089043093 0.146674699279221 -1.35444976696008 10.5214873985972 37.1310509477283 81.313263728791 142.388403185517 -1.05786593517841 1.26029623685041 1.05550116263529 -0.795490312637549 -1.19423828416106 -0.898579311843803 1.43737942814129 -0.398412190203887 NAN -0.900133362404447 0.898046663765924 0.644217369238619 -0.79156740431134 1.52091800195209 -0.741320826359189 -0.56450722430906 0.879166574011228 NAN -0.766293149693447 0.823417854124311
-23.2210862541502 40.1029472535546 -15.8489351531466 -17.8006361275997 8.34090031134224 NAN -81.73051374514 180.623112989399 -1.70146747034911 -0.134178700792264 2.20697699881404 -1.29227130449284 1.82434864239967 -1.39713449755945 2.587709259916 0.768984690155487 -1.90530422567962 -2.9911738490924 -0.765565216019431 -1.19206636257108 -0.822828849619471 1.67836529224076 0.954495066432114 -1.97841406007401 1.72801584281781 -0.569675784296248 -0.100346801874947 -0.789359445356276
-4.80157035838936 26.4088758819341 -10.9033719418123 8.69161061542939 13.6321362604733 50.7741483966473 90.743576704262 142.712015757404 -0.954155867629744 1.17819484406648 0.854823690217484 0.365373970551141 -0.670313105936643 0.0887779179544568 0.690300066962081 -0.739682415641925 0.338498566923053 -0.683424267781682 0.223931211406816 -0.124641503672034 -1.42652438663172 0.866158233235095 -0.560231904078014 -0.908160533528024 1.14631139038374 0.776704389858125 -1.10201293769736 0.473305591949136
-3.05390982983171 14.0655926750779 -0.0368441356936298 1.85879675090872 1.08821564804684 6.94866556190345 65.9270622920731 84.3330990022994 -0.290967695285116 0.739362938928235 0.787098983581601 -0.166839439667847 -0.0301605826009078 -0.430567826027594 0.135520523224798 0.0119085012214462 -0.334243431090477 -1.32618574847078 0.513264342398308 0.0471311505542039 -0.465804958106544 0.861368116854898 -0.236944319585463 -0.340598350430432 0.493059541564521 -0.508881987004909 -0.918706347152074 0.175327619671385
37.0584007199283 -0.718872797398402 35.5771346727587 8.95075231946713 -18.1909080017225 -54.5815983092546 250.863633463901 3.39306647959923 1.65761201940889 1.54346910796925 -0.86195962601399 -0.273731677951203 -3.13376264560935 -0.470934379575307 -2.16015170693876 -1.01202577196288 1.27778249620991 0.417984989523607 1.91165085786065 3.09998219482967 0.767109740423421 0.417228304133253 -2.11733198788742 -0.23961134998893 -1.00744830521596 1.64216984960838 0.119905488687344 1.26561566033642
-0.960041527923454 11.6130331564075 0.817218161049587 -2.5100309791949 5.65999642027413 18.5578111642003 52.6488343388882 83.4313989311963 -0.315425659106444 -0.154045173099281 -0.518942060641914 -0.0217521194887365 -0.637923486849464 -0.457887597323709 -0.220356510398434 -0.476197915493697 0.450849584433832 0.462119868275023 0.971930787616576 1.28367206782822 -0.497448486018508 0.309444092783338 -0.416409057502927 -0.104362497804606 0.358999795440747 -0.199367992540413 -0.828321465783231 0.769586175112919
18.0167778322627 5.7387258945163 1.26597624790242 -1.57125483185311 -2.60909184368642 0.346123076400717 27.2651019632837 47.6300417255376 0.934052473119718 -0.888233027322791 -0.505400175268045 0.941629850113861 -0.522050023941864 -0.218079211978187 -1.05104859812123 -0.307472286312326 0.410068535692818 0.712679397234958 -0.124532105596249 0.758808525360608 -0.199370851157836 -0.583389223784286 -0.0284449844027952 -0.402424497639633 -0.483570620990002 1.17819266287286 0.0127402061108731 0.0450730946539933
10.6026891836178 -2.6755286069821 17.8923616322533 -12.5675808980334 -0.568315718389617 -0.978419959695463 35.4789463531847 -14.6429145837866 0.930319906897213 -1.21015545546445 -0.782823935544584 -0.833197895984533 0.209479019246951 -0.158037753180264 -0.71865608953761 0.347590170974909 -0.584143406126948 0.677118636846741 -0.761214487627587 0.596469174877379 1.45060877268503 -0.733193698840932 0.254668843780023 1.86491006609972 -0.55789530544231 -1.03008837005092 1.33668904538518 -0.580063440435158
-3.20658508735121 17.7011867523327 -6.25209170354721 6.36975862577317 3.08506057033923 20.1805729036258 74.2382328165407 86.1363505574877 -0.714772550983565 0.651396628263258 0.781840317429304 0.260497202515221 0.513405057774903 -0.610520742920745 0.699263923702783 0.840678673510127 -0.897258478179827 -0.944612244027599 -0.4220097560338 -0.105413125782635 0.260914808305771 -0.232600914769697 0.878658351541456 -0.182626286930997 0.224995125716457 -0.392713721532181 0.272683421211779 -1.06717814427213
23.9226708693848 -9.25481273948088 12.5582788684385 8.90523462056225 -7.21158782760805 -4.64404150626669 134.325567332311 -46.415038157352 1.74537334635694 0.248143313984765 -0.686943588077286 -0.223053431872015 0.822094460108731 2.0251497259689 -2.12369168168504 -0.564898241788894 0.765977659179472 0.137270113636679 0.690280558988743 -1.8119946164843 0.383417694017642 -0.373523450630177 -0.255492792821581 0.499777753313405 -1.53552588742094 -0.547581776150956 -0.28096955417684 0.586219428296516
8.40146312149021 -3.33809184734803 11.0276063227387 3.84645134892768 12.316486816781 29.3066389692979 92.2721268432909 13.9082128342314 0.559175592354105 -0.69963944781334 -1.26351339009958 0.644519994786933 0.856759608250332 0.0330968007506587 -0.0618569002617848 1.22932416036703 -0.663321461313932 1.31030040043318 -1.34150938754209 -0.174097189628066 1.4734722391209 -1.58810266626614 1.47247736095559 1.12871553848299 -0.759294459716362 -0.650951441373817 1.656831377174 -1.44118951804481
12.7356776323934 23.6355791893609 -7.59455898466902 9.15862545758404 9.69593433600943 40.2490832896904 93.8201816629322 100.849070826813 -0.272223576937548 0.80911912883352 0.704985403662727 0.474511708978822 1.22415331680096 0.318235109469911 0.590355354686713 -0.107652746463136 -0.443049466922955 -1.47685926406456 0.0653026876219931 -0.877968379040345 -0.680680751711871 0.47360708085814 -0.20420943824271 -1.17935892268436 0.776997306482517 0.580384093847814 -0.174234163276682 -0.081238611411293
11.8585541225538 2.2508133790584 7.87642389219477 0.91742335921903 -7.02542927311613 -9.78303373628011 80.2531402452537 29.8353221668143 0.682865547458001 0.292501400594806 -0.421039470786523 -0.0471003607072255 -0.588783505045639 -0.212092481827458 -0.973810608115713 -0.105416972281417 0.450024022517822 0.498628158383105 0.769160305406817 0.333003304147745 0.242743094651731 -0.0845321148810633 -0.264466854381541 0.088735040611476 -0.755173948703181 0.0331647533685328 -0.670845177269962 0.476207143905765
14.3484496670134 3.14681348487194 13.4842816345423 4.71829754639651 14.3216845766274 41.2208448790338 101.496427037295 22.9650283891081 0.360262001836278 -0.100765399592743 -0.933576648488324 -0.0240857224024419 0.250227562952671 0.252508278802343 0.283127924201431 0.553853487750396 -0.113061214985433 0.85455567735557 -0.156528481243369 0.638657420964932 0.717279313428593 -0.943720627950051 0.0982302629730799 1.37427204213522 -0.577070851369361 0.129735717134551 0.956539708362065 -0.404658570078456
1.45617889135245 27.0959211911199 -17.7726626863639 -17.2969478006488 -2.38561728813955 -0.253886370522778 -103.708372727121 130.126356114018 -0.598971978129388 -1.05339029812049 0.857101231077979 0.144054042270631 0.445311079367864 -1.2434157793305 -0.635376779465958 -1.01570564199105 -0.148882446452319 -0.0503998773850244 0.241666364740023 0.44209095645411 -1.0769906391757 0.373627214498431 -0.180243140399173 -0.565764571943351 1.38308672882202 0.38800779665697 -0.821355228139779 0.0933260762917003
8.68188765439352 20.0085035441343 0.0201609670424965 -4.31302482843055 5.36905165745882 31.1598586154729 62.1216209821102 118.094573550437 -0.304991182642872 0.391557432941698 0.603650538082839 -0.378003177578061 -0.68210432903132 -0.149288026225849 0.420666509372622 -1.29941772488512 0.683914257202364 -1.1488628075391 1.5940994015586 0.684703281957106 -1.25164410256836 1.36521049657994 -1.57892616263948 -0.871154799330742 1.14216143450258 0.690586878580919 -1.15462747454933 1.30019927561359
-1.34868837598734 33.0716166073862 -25.9582566692073 -7.56117182000884 1.91190851433547 33.4729076052513 -98.1286357482589 172.322416798003 -0.5329218997949 -1.30412738432045 1.50502985256576 2.35622591925573 0.970028657045698 -1.05957079534049 0.072747917615593 -1.38683258164621 0.651336625929342 -0.734820316183167 -0.49056096894152 -0.780361546858097 -2.22053098293474 0.806200662600491 -0.0166246655445906 -2.70766667307889 1.45706478322743 1.50698073265141 -1.58340585465825 0.598054153688865
13.3587706616882 12.0712441078098 NAN 12.2063647726153 -4.34239611140155 -3.64130324322809 150.532230860372 75.7893652568238 0.328802923765925 1.4635308918146 0.572889870919868 0.183375728088776 -0.248480943435594 0.699679801853505 -1.11683167978133 -0.917568713212942 0.56860033891242 -1.31130986018307 1.59737261719765 -0.325472641996003 -0.864841752631997 0.886825179079227 -0.880094576128376 -1.14526437156168 0.142523852417429 0.552571959698132 -1.45108551815173 0.92763807674173
1.78102032435851 29.5784492436437 -12.0220897057823 -22.9296764186353 0.493471109755303 29.4530001327943 -89.5554659551167 173.510206621274 -0.97129847635258 -0.837985893386997 1.18099858068603 -1.0581823722188 0.128389944440379 -1.18358105220824 0.929377783855965 NAN 0.230890468829531 -1.5875376652784 1.62675455614044 1.01350801616991 -1.95101875439788 2.12748006273292 -1.50845751450801 -0.908303254985947 1.8051291599773 0.943809390213317 -1.28195294719771 1.58913644237633
5.06186276125043 21.1262255750052 -10.0466329004936 6.45236578321227 1.59412672538128 22.3050265705237 40.2708076813258 111.500600941029 -0.562400055694113 0.500940735825952 0.85264199083953 1.59238683931241 0.0343952206159734 -0.545451785147952 0.0150570982448872 -0.553378995037733 0.63953110562036 -0.17205088562722 0.0223758334533161 -0.220865563238064 -1.07131178255187 0.00586435479976229 0.0648906678930838 -1.56091222438068 0.152300662829251 1.17422623163794 -0.708339243093134 0.189348449031162
2.20670892130779 19.3412766900211 3.65396432039677 6.88790461381646 10.2291530800743 39.7255954401472 148.921396165607 73.2908452798919 -0.0490948775520336 0.59662418960194 1.03435777828942 -0.0505701242623404 0.588954926053206 1.10161658959978 0.266060564471111 -0.598170460539437 0.702423815463875 -1.13771706819839 0.0318261718233719 -0.899623311181825 -0.774401539880948 1.24417548838581 -0.381217803268265 -1.43556517191046 0.0256375725750632 -0.546211885141392 -0.669023881454446 0.862854997254535
-8.82924144403096 3.04235104620491 17.136036281298 -0.0110528976289274 9.21922614493125 24.967138313679 97.676512554345 2.33938329622221 -0.414934545020418 0.631207240346575 -0.927450725953568 -1.21690279841669 0.0365878983187446 -0.478781078311108 0.534838304359478 1.40041145008346 -1.01230996779799 1.27656843734238 -0.604970494857751 0.313402956366347 1.83653267170489 -0.951081518890224 0.89578972224237 2.47767679672501 -0.574721906844027 -2.22273902366306 1.31838545319684 -1.1756878918657
24.2808155255587 3.13244529292968 14.2668297482458 8.20366297341995 -1.30519359417832 5.22893154724909 183.765616201713 25.7390648255526 1.32279566967199 0.359317459196908 -0.606526668859965 0.201517464673267 -0.661379201070197 0.825207369417224 -0.93343596695444 -0.451134955400533 0.700128578870832 -0.126789180867092 0.285539250697792 0.675380690674778 0.133537422645005 0.146119535039546 -0.75256603301114 -0.239183379483136 -0.705202416770669 1.06353268002798 -0.314925524838396 0.716902270400329
-9.33743075063272 22.4783335452357 -5.8346448192168 -8.65680831109499 5.74928575908421 35.330226406203 22.9803999525721 132.6718633223 -1.49618367345006 1.25008198487936 1.69376150372134 -2.53876668100726 0.0337025521756902 -0.204408003080751 1.60038266839967 -0.46698180574423 -0.277073096700083 -2.02345320268961 1.244910696944 -0.844040812891087 -0.715697781904482 1.55052847422374 -0.705923924513184 -0.0222920346172444 0.871149757242018 0.047372405281972 -0.444670551234956 0.569973970756119
3.49748517221271 24.2504374626205 -18.8209281043826 -5.94324534295318 4.57602253960089 34.4519028941476 -36.7945668719919 147.380143010012 -0.393914062311847 -0.467790037051719 1.58857783442249 1.27401400118696 0.672543518545585 -0.409706253272331 0.0926010758239392 -1.54613139144173 1.06037986049579 -0.4679972832689 -0.636195301280512 -1.04495014394907 -1.84725565810264 0.894078434184182 -0.387415303020696 -2.05541158230929 0.849764435501966 1.53167039270744 -0.962452145501174 0.772231067442202
-9.75729854959693 12.8546832419155 -5.52719927618124 6.01324074432533 10.7080223222062 42.5750396906604 54.768339036322 62.8806987203523 -0.17804143511663 0.394092157631241 0.52999621601509 0.211039700773535 0.582273246774973 0.612543107059241 0.418931773144165 0.288449420208497 -0.193988188245471 -0.422640107814568 -0.712668025715339 -1.66940886265798 -0.394442230177554 0.168095023647837 0.358721828703261 -0.411716145561724 0.121489849871967 -0.873417486797704 -0.515127319751707 -0.0020225916287463
-16.819913347483 16.4066621225605 -8.79460849901067 -1.44490805365729 2.60255572627431 16.5335353866583 -14.7069126865639 91.0153001046406 -1.22495207407033 0.684155117974128 1.20756402932845 -0.314858631561729 0.401017027378533 -0.544772147075409 0.427309199180838 0.00885605429541514 -1.00714209462106 -1.19296758585593 -0.481009522910648 -0.397449756350317 -0.659712455114825 0.547626553734184 -0.0290735205824715 -0.623368673329223 0.823242839334158 -0.834570329714953 -0.142348320144216 -0.151184815021581
-0.767905288661158 4.42960322898968 2.86832459817108 13.415328433112 5.3083026231842 20.0915401884049 129.822641230695 48.024241614398 -0.803865086635517 1.18462882349779 0.0804704419645976 -0.0701982939035138 0.0689990024337381 -0.013547195940896 0.554409690459998 1.27130342359831 -0.880027368516352 -0.844440940024845 -0.0312943912372508 -0.19429613185716 0.471348489655966 -0.0208830634108571 0.0279994552877664 -0.596277280722936 -0.192243654879891 -0.803418778020939 0.83900517934014 -0.497792471532939
-1.42234672110535 6.08200991335729 -2.15317869011163 -11.8907463730014 16.2124465278578 48.658303743393 -65.1598329105849 44.5236446497274 -0.167240861645209 -1.92978069001085 -0.345772982410704 0.322151101949457 2.17287178317321 0.19066474852015 0.205510573770315 0.652572810455186 -0.704199091875849 1.60284418601945 -2.01654855064802 -1.50373767591417 0.428052048110376 -1.12032705910245 1.48338048655006 0.710469038010987 -0.239576779342334 -0.865406884238617 1.4366726502849 -1.46733816064861
24.4114056232378 14.174520019695 4.1620291001965 -2.6677998566802 -1.95413951790812 7.89686706557366 94.0129410370935 77.9141561200283 1.14466349530326 -0.895962941507224 -0.370264958834667 0.712152853657377 -1.34565446736743 0.609852335562315 -1.64896644609766 -2.0748343242349 2.31791630985889 0.657496090573478 1.06404198739856 0.552099630290084 -1.1674925697649 0.936016096543165 -1.64564603203794 -1.12121602249936 -0.0935137895537509 1.96721888059544 -1.58300801691415 2.36767447174244
-21.2521778084404 6.33396424599166 -6.2751003573372 27.1152748959775 21.0831746475852 50.9620806228418 145.076236884244 50.4303459075163 -1.1278127478555 1.15975489134078 -0.237871149407812 1.8604135754823 1.76778805147287 0.0880094592475343 0.615056164384745 2.04112889900008 -1.34180405022468 1.03095777766736 -2.34074408283615 -1.09423704359073 0.747199331778469 -1.47906068550285 2.30389804876549 -0.425296718445453 -0.109611021400827 -2.15869462978689 1.03834811531115 -2.15531033320398
-4.90064003162843 3.6460308655047 3.11248955505089 -2.36688603837088 6.42684236831021 22.0398773433944 3.99460686089854 27.8039940558841 0.0498948386842201 -0.942392714817946 -0.576984481182752 0.595465958897068 0.842285813029388 -0.753562706161082 0.0272766202101923 1.62796859356153 -1.14304903249429 1.20380320627447 -1.22287080589534 -0.562088627780821 1.31614851420109 -1.42440212936402 1.61645320521395 0.914143540562539 -0.291720661523781 -1.52246500554062 0.624678346317905 -1.50218522802538
-17.0767405540554 11.4762791022691 -7.22129800385075 -2.86561283130531 3.65389871168681 11.5540954847903 -35.1479549078062 61.4741160438851 -0.582310471403266 -0.686719596615971 -0.700312587976032 0.498397877555396 0.104417691179597 -0.732570918870794 -0.293589727635747 0.916009380306488 -1.14837636577579 0.893428099189101 -0.720087974927754 0.544540869803968 0.165014894551477 -0.97301746029427 1.16366070546396 0.607412101830921 0.0584118528915993 -0.824263410661023 -0.121135420716309 -0.999557978410971
7.24021275361217 15.1021630356386 -4.12213638954205 7.52627225662569 9.14033718856095 44.1585121683972 71.5463539392136 67.4299659324335 0.108894753605531 -0.303977462299247 0.248100537239214 1.29912712725637 1.17778446954842 0.82289766389704 0.112301256855932 0.153523103834786 0.3663755556392 -0.40196996522532 0.192813273095634 -1.08135966656081 -0.744382115688724 -0.130211398797725 0.656469347080901 -1.16838147718893 -0.0893849979461539 -0.559887970902717 -0.700273887216761 -0.0948502602025192
-11.4570609717974 14.7394494587571 -2.50685778417489 2.90744720849679 7.44546105079987 32.5339290575732 73.5615740691936 80.2804782737067 -0.844481075247803 0.98390134301188 0.927567907650452 -0.810001838208887 0.711589704574665 0.151629194808818 0.437878808623614 -0.425329730628283 -0.164913655139509 -0.859068381270926 0.457938088344812 -0.298417595871303 -0.632244671024324 0.977153286021724 -0.459546825109611 -0.315105330968173 0.742462825735559 -1.32760953071931 -0.30656586649831 0.455460491870777
-9.02877319197201 38.5310596207651 -28.0238750689983 -8.73268977108976 0.277467145523963 NAN -105.686322563828 200.924411222069 -1.5562778420089 -0.489736715314094 1.78938940675292 1.7543146528702 0.215708169311748 -2.18488474015727 0.989927257191394 -1.26078907304299 -0.113013857600946 -1.83264299166074 1.00986406435717 1.38229866612628 -2.53166362885668 1.44399057584875 -0.552854187381526 -2.57889020916653 2.13261734325587 1.116599017346 -2.10408929597685 0.694456248736659
9.71778523829495 6.98337462959166 4.42451549917378 9.71470316082956 10.5207440597118 32.1458937178994 95.3650223522862 29.054614527258 0.394490146786527 -0.0304864543313508 -0.274910202674022 1.16757609656818 0.494178746455333 0.876389096233313 -0.590874813060532 -0.139320375940513 0.733746692284304 0.601033154210687 -0.079220455128861 -1.26586477186403 -0.0416688962977908 -0.686136878708683 0.562548601422461 0.283657405947359 -1.04759497581378 0.149987425334697 -0.674680741906286 0.00417280754635488
-2.46437126462452 8.13604432097321 2.21458212668264 4.20997389065547 20.2542769535215 54.4348689954647 83.0821645515569 33.7967183324253 -0.0650690327460926 -0.039707365350813 -0.482612665486025 -0.815711016160558 1.32428669037846 1.70802360724801 0.24978715699673 0.697969461034035 -0.51158232097887 0.651365405946082 -1.03939282034042 -2.49543217658861 0.687804157930645 -0.940591709145985 1.353753759662 1.08915146776196 -0.581900680185799 -0.947308538988994 1.05883206697014 -1.0379369237282
-13.6290956026268 19.1239356194546 -11.3061422976292 -19.2881863396916 9.78497011903769 38.6688761226856 -140.048711006071 106.242105623529 -0.943703701961448 -1.9798324122386 -0.206563259534132 0.376664218434465 0.900414900053972 -1.36673867071821 1.08782474857377 0.717808477025622 -1.18937126440447 0.216240872634767 -0.931982570910927 0.217797788015365 -0.201626162931008 -0.635175745835062 1.2824281517562 0.107286781026157 0.747123528032828 -0.426692378899226 -0.157377739296165 -1.03756766572639
-13.7231911012383 30.834930222352 -9.06684996029128 -2.70294496777808 11.1729467891965 41.9615523509382 33.789618002525 136.127110238453 -1.09537391937182 0.993334236443047 1.82476116742509 -1.35589661513539 0.973656888031572 0.236792157955733 1.37504981825422 -0.00742569371162399 -0.628850970908071 -2.28938900741232 0.506879352866219 -1.60630189920682 -1.05250615621703 1.48752618196635 -0.0455865744148533 -1.11067477332724 1.30663446213807 -0.792213015474721 -0.926096522985477 0.256149374916108
12.1770195730849 4.67691521180075 7.15333069083249 -21.981407829178 -1.20210808079947 -3.731026757707 -65.4184948268971 41.6780301835271 0.421556431807996 -1.87973654617103 -1.18554621060977 -0.287899744633576 -0.700242477955258 -1.48969189919096 -0.231322000323692 0.225151348085148 -0.69507299081749 0.87752465274061 -0.111484802530324 1.50701471409471 0.909194944182626 -0.727931463951771 0.481207036359594 1.47648508677487 -0.387347582396082 0.352728245318797 0.877266169127415 -0.402830875771396
13.8735554542685 7.64331613347955 4.26612159035363 -18.6790239052929 4.93026572784514 19.6101218830259 -46.1967380623473 61.1770984493291 0.442434501438576 -2.5226152045686 -0.973208294131941 0.392203130581509 -0.23558903612304 -0.514021365535486 -0.628921868051405 -0.380097911855311 0.489342599555341 1.65054355645039 -0.160549429105914 0.792556902353769 0.202458328281808 -0.588250626079151 0.00750743852691454 0.564917797393944 -0.115093025484128 0.63149587293688 0.407995515770646 0.297900221415222
5.85128848960243 6.52140462694167 16.8085068300566 0.85389436398373 11.7876288368201 44.8583222839255 NAN 33.1705141985861 0.428167547027675 0.40667399410495 -0.0155893286226071 -1.37429387155196 -0.326543097195 1.43686197658273 -0.246693773803843 -0.951677389823334 1.02079616285041 0.80426202679697 0.159270457112626 0.108332799927624 -0.0896925377000778 0.668247886211521 -0.90848465011676 1.05579163199498 -0.217798814817811 -0.667557114991999 0.167771619977085 1.09173178256267
14.0413371881091 23.6728264462396 0.0369824902700967 -1.46632398453918 6.36477801923674 32.2081977723049 84.7518238462376 127.72350819889 0.637514432665627 -0.541882377163548 0.47620340322004 1.07842673663832 -1.03972449511917 0.226123184237674 -0.625542327649449 -1.98064013664939 2.08979637717686 0.0124363117381965 0.698493851631679 0.67612483996765 -1.80255942737285 1.31627966696159 -1.37401803603228 -1.41922719523108 0.709865797625762 1.63813380134408 -1.72905279001491 2.12207368845171
6.7137013009744 30.3176548174663 -15.3002815826759 -10.4532983345489 -1.25954333727836 29.5102374842535 -7.65165034416238 154.592223119586 0.145564119043408 -1.41223619552448 0.804516917390832 0.940104464358274 1.23482580452859 0.45770526793829 -1.10078700063031 -2.30841944212574 1.60445650262969 -0.24844577716342 0.716629847763156 -0.868263200955155 -2.17597945745949 1.42224458734397 -0.58484913406601 -2.13476028081299 1.37535620412705 0.900639132062861 -2.452975368774 1.70560735636742
-17.375619525688 17.3521866616641 -10.8976878749365 -1.69352121198373 9.76665535194862 28.4989135502007 9.94084640380919 114.500744636986 -1.31772320796536 0.0565463788143583 0.989944482493198 0.236953217275487 1.49841199332745 -0.981797454104035 0.787437346241408 0.304527218012481 -1.08533693355583 -0.924285936444743 -0.437639576609138 0.210558946137104 -0.362587045921923 0.443908812081811 0.363315299096918 -0.648710038757583 1.27190099783418 -1.05589650908107 0.32062404386736 -0.538555120585265
-4.74838529189986 13.6175545979555 1.98731196326832 -4.58664774078768 20.6688102717359 58.8290917323447 49.7695810785828 84.2268795501204 -0.180344590821781 -0.507485015885289 0.470583991476618 -0.123165149022035 0.81881987458063 -0.150926395558305 1.59126632108592 0.683104718565002 -0.58438650975826 -0.53155533475502 -1.35334213056681 -0.506598954281331 0.17021082887429 0.196420632940149 0.545031496011143 0.155255838100752 0.259802461659655 -0.0913757667510116 0.767322053852672 -0.37273971454572
6.75396088554771 -1.79434748525007 11.9750111823864 18.464696334291 20.5849827760693 60.8677408994002 200.637563172264 7.25307788361659 0.105960272631109 0.160420373850467 -0.988535278847888 0.687559640539882 2.13259184871597 1.6402655023302 -0.0536900917651011 1.2946481868903 -0.125129926161686 1.39806899539641 -1.27873948938754 -1.28504504932884 1.05200939006609 -1.31569998587414 1.38365451776923 0.710844874144609 -0.727018466125452 -1.91136614499562 1.72712277333619 -1.21472398495506
24.3560083422826 -1.63950494620809 22.3681405676493 12.6368455308041 -4.90997416928543 -8.63949348596219 228.994209252523 1.71267451564531 1.77615599443123 0.0461482793413094 -1.38384908818794 0.502064114783631 -1.5412355171604 1.50935012777266 -2.19395886960432 -0.6165160650032 1.65684216334947 1.09249549179615 0.902748503526908 0.337794603109886 0.452258097862729 -0.354875258930711 -0.323761993033691 -0.191433023508106 -1.26132575442167 0.427348072253218 -1.06049308465454 0.859687572513849
-10.341485252916 16.8314592870599 1.2354292889609 2.30598844741424 14.4952768212404 36.6334752100779 113.740565910045 85.7711503226389 -0.999604716016062 0.882623730084903 -0.205350948599455 -0.682794916260911 0.141427966644945 -0.447784318698258 0.945371624546355 0.940986162984131 -1.12534326213523 0.0164727315497911 -0.271435285414816 0.333603616537346 0.713651954375885 -0.149316849591756 0.846492878499242 0.95275963261292 0.457348127866852 -1.01589443472207 0.304054272296239 -0.935550150356615
-24.3987927792178 29.3166528618793 -8.28777932083388 -2.44812145113496 25.6044930066833 77.9212055642614 63.4031197160524 149.647085508239 -1.80118346460889 1.26975029476633 1.38330100664881 -1.57874153779864 0.362722257683679 NAN 2.63813219761302 0.440403249366835 -0.827505113447014 -1.17869515931502 -0.391263235856342 -0.879204915067267 -0.475522458739334 1.03359594738724 0.381334435678782 0.3777234777361 1.02926432440182 -0.360613594863728 -0.128437044777192 -0.21840189758097
1.41614404832215 23.3655364018936 -4.68750171802121 -6.8567064923131 -5.89333974314058 0.325923796202874 10.5163681663743 103.506631528023 -0.300837777815278 -0.144584067783952 0.546265627794838 0.522246095661456 -0.430525060921651 -1.09075317499312 -0.415069029939499 -0.493135314237084 0.254280298762264 -0.258800658038176 0.352613987359058 0.724615821070752 -0.621186116595818 0.471068586712439 -0.479061268091426 -0.876876703551437 0.572062273495661 0.535744983298353 -0.607104715600659 0.578326379368793
19.706041415099 -8.05224401992409 18.7267608075419 10.0943517012429 -0.184441365324384 7.39162376302929 172.697332755332 -17.5381581838051 0.823178537072889 -0.26546503259536 -1.5506579434287 0.183837911118328 0.0250562314564536 0.917255803654342 -1.30502619590121 0.704566218623931 0.184562480839145 1.10486689441878 0.494105494216633 0.851563523292249 1.07577972700302 -0.991144688123182 0.3504029252936 1.07436513288847 -1.02752706820704 -1.18194200987915 0.685383444069681 -0.196719505775169
19.0929362320452 5.56726190045856 5.03022859157218 -11.8860358497205 -16.2539974242651 -29.5065331130393 -25.4073048161222 31.5328190864103 1.00974059577824 -1.51381487372008 -0.590172647133205 0.280359082261409 -1.09057204487965 -0.322581849071674 -1.91527793036445 -1.18239259389975 0.856100499942964 0.111824152994985 1.39563420266098 1.16373575985578 -0.562121404311162 0.215118313909237 -0.875087535967976 -0.598569461520004 -0.303617511799806 0.462553483477205 -0.973982554572487 1.1819368787824
11.2116682261108 2.95167717000151 26.4940272663792 4.39607956056244 5.08439663425131 19.7446721500137 200.91439909338 23.0156519910661 0.863073536683655 0.292321246481797 -1.04178588940094 -0.931060348369151 -0.698579896260794 0.944043222387714 -0.344111812580613 0.549257267046752 0.00767497455759023 0.702336290302151 -0.20871180532612 -0.357458104687064 1.54901483836747 -0.569982111119742 0.395095709760684 1.20621503448992 -0.842994364907779 -0.00427835289326213 1.15719222493411 -0.436043045773023
-6.72445311703128 5.59906105049284 -9.90041271200564 13.5202803773451 18.0703438917152 37.8065538036118 25.6081173085079 45.7971776768548 -0.854194315995822 -0.883216398951399 -1.46717260898354 2.29887993134516 0.647070438623571 -0.341705491682899 -0.0105622255642963 1.98372081569474 -1.37211520330334 1.82657555750096 -2.06857742866272 -0.425528051471097 0.964722798582871 -2.50753185284889 2.19270881588139 0.166710496464421 -0.26578765287569 -0.655452860822993 1.54299774221634 -2.42821558965774
-10.834075179126 15.1226933507458 -0.734748460012873 14.7798538377176 17.1393478722885 48.5858630992074 177.116385095513 88.0116186574591 -0.907117041179133 1.91512729058042 0.923986657129769 -0.586128890399385 0.108222095918339 0.310730346157179 1.22937342896222 0.530247806231425 -0.594335191872459 -0.912749663757101 -0.193427599853436 0.202185205523871 0.0011392644512494 0.368323395646155 -0.0789554053334964 0.32196616823165 0.390207311611649 -0.22723323281162 0.299597028747233 -0.633883363190299
-6.54359249911375 16.8587277891583 5.83716813092923 7.63881278132261 16.8424633632581 51.9168635413271 173.500032733319 118.425162559241 -1.05180548275021 1.36773577406099 0.374450889800698 -0.550176751837762 0.51826379143791 -0.408466277632861 1.19011750993917 0.645598803918825 -0.654037254160504 0.084593400210941 -1.08535416038053 0.338210780652114 0.445037605981815 0.562735534075218 0.0785552496005363 0.449045504785132 0.916044072990518 -0.37723148788882 1.55961650794828 -0.225787539371229
4.2417562803823 27.1348291135127 -3.63027993875455 -5.44541127131424 6.43000626997824 27.5370595292519 15.9592546200883 127.495235384953 0.186278611634975 -1.07899702773306 -0.0106867809511571 0.915115052131641 -1.08648209666451 0.0151877856325222 -0.834513738689844 -1.84789273213386 1.12197788181218 0.710396732091501 0.259145384933281 0.724997349691716 -1.50009368999498 0.61410899949928 -0.748026064082142 -0.822534289542546 0.983408082980419 1.44043486708613 -1.3574738157024 0.952073427956257
-8.44202456628921 4.02664511419075 4.75472132624095 4.82795081569141 4.73350833266606 12.6283757241286 55.9179650086102 38.5328754413163 -0.275093438495419 0.0517463735180539 -0.669547802253663 0.205441492995653 0.280896433202391 -0.19679164230231 -0.300473125616715 0.76085966653369 -0.722040600299588 0.44338071645887 -0.455429407711129 0.212694906811182 0.497705526218017 -0.816172253351392 0.84621903690101 0.289719012182434 -0.0339987420347389 -1.21201208273829 -0.00499879773540744 -0.847715225494977
18.4614612898722 16.7731723439458 26.8157559117976 11.2871928290187 -7.79289922739167 -8.74252640230543 292.926298931281 80.7668392996942 0.570510568422886 2.81905307033627 1.39782338206914 -1.42194375830596 -2.35718701928584 0.0683392109506499 -0.265193295557438 -1.73179868511004 1.66013680695194 -2.10557328880343 2.21212519945321 2.02295368821508 -0.604046519307979 2.50537849505091 -2.5413162820697 -0.382134837362585 -0.0753034779939199 1.19656931860659 -1.06852219805639 2.42705299393916
-4.22934680016544 30.5535439623607 -8.3936811957794 3.42674579059014 9.2881065612716 32.1319832270028 61.918436377066 157.051236644627 NAN 0.551082188528453 1.0769345260005 0.686438815607112 0.202287704245651 -0.717699326434403 0.601691868091494 -0.204731571962649 -0.463630899181848 -0.791043022051176 -0.303453318096321 0.00555492551091418 -0.681746934901698 0.341836602562449 0.259566353752411 -0.822561320847324 1.18779562071617 1.29428933129626 -0.0940344965740481 -0.357000390668961
10.1570173456313 12.784655563993 -3.1415742424138 0.672806589655618 -7.05058258754478 -4.00588477379556 45.0973080663091 67.9606913633974 0.272725430639317 -0.0617683030433008 0.161182805193461 0.707800285933266 0.277321882835255 -0.59947471145266 -0.828937947137811 -0.603916110860773 0.342791032445695 -0.102142156318418 0.284805024642667 1.33581016431606 -0.702018785074607 0.305595293386503 -0.401642066967139 -1.25910516632378 0.131937071469812 0.278324743870369 -0.628564107215757 0.493333547354498
